version 3
run General-0-20240601-13:13:03-15766
attr configname General
attr datetime 20240601-13:13:03
attr datetimef 20240601-131303
attr experiment General
attr inifile omnetpp.ini
attr iterationvars ""
attr iterationvarsd ""
attr iterationvarsf ""
attr measurement ""
attr network Network
attr processid 15766
attr repetition 0
attr replication #0
attr resultdir results
attr runnumber 0
attr seedset 0
config network Network
config sim-time-limit 200s
config Network.node[{0,2}].app.interArrivalTime exponential(1)
config Network.node[{0,2}].app.packetByteSize 125000
config Network.node[{0,2}].app.destination 5
config Network.node[{0,2}].net.destination 5

vector 0 Network.node[0].app "Packets Generated" ETV
vector 1 Network.node[1].app "Packets Generated" ETV
vector 2 Network.node[2].app "Packets Generated" ETV
vector 3 Network.node[3].app "Packets Generated" ETV
vector 4 Network.node[4].app "Packets Generated" ETV
vector 5 Network.node[5].app "Packets Generated" ETV
vector 6 Network.node[6].app "Packets Generated" ETV
vector 7 Network.node[7].app "Packets Generated" ETV
vector 8 Network.node[0].lnk[0] "Buffer Size" ETV
vector 9 Network.node[0].lnk[1] "Buffer Size" ETV
vector 10 Network.node[1].lnk[0] "Buffer Size" ETV
vector 11 Network.node[1].lnk[1] "Buffer Size" ETV
vector 12 Network.node[2].lnk[0] "Buffer Size" ETV
vector 13 Network.node[2].lnk[1] "Buffer Size" ETV
vector 14 Network.node[3].lnk[0] "Buffer Size" ETV
vector 15 Network.node[3].lnk[1] "Buffer Size" ETV
vector 16 Network.node[4].lnk[0] "Buffer Size" ETV
vector 17 Network.node[4].lnk[1] "Buffer Size" ETV
vector 18 Network.node[5].lnk[0] "Buffer Size" ETV
vector 19 Network.node[5].lnk[1] "Buffer Size" ETV
vector 20 Network.node[6].lnk[0] "Buffer Size" ETV
vector 21 Network.node[6].lnk[1] "Buffer Size" ETV
vector 22 Network.node[7].lnk[0] "Buffer Size" ETV
vector 23 Network.node[7].lnk[1] "Buffer Size" ETV
vector 24 Network.node[5].app Delay ETV
0	0	0	0
0	641	0.898560388484	1
0	645	1.821783519955	2
0	675	3.773328855839	3
0	698	4.324377342509	4
0	723	5.301383768902	5
0	745	5.786511932624	6
0	755	6.139671071762	7
0	758	6.198055740855	8
0	851	9.512968020783	9
0	899	11.081864138406	10
0	929	11.834538251719	11
0	957	12.673971104619	12
0	1016	14.482340368894	13
0	1020	14.556025724359	14
0	1023	14.967603720602	15
0	1026	15.058764746726	16
0	1070	16.103377255034	17
0	1162	19.25354718371	18
0	1224	21.294439399622	19
0	1251	21.9361485723	20
0	1296	23.541388129362	21
0	1322	25.155390204255	22
0	1338	25.890354625445	23
0	1355	27.026293567155	24
0	1368	27.152167976593	25
0	1417	28.427395678817	26
0	1420	28.582125359317	27
0	1454	29.352960017784	28
0	1485	30.774324697878	29
0	1511	31.512151989634	30
0	1514	31.624098150267	31
0	1535	32.159663870495	32
0	1542	32.466944222648	33
0	1548	32.673147504678	34
0	1580	34.008437689302	35
0	1604	34.617520112485	36
0	1607	34.762798139777	37
0	1610	34.781766708978	38
0	1641	35.173537519655	39
0	1664	36.134918458721	40
0	1684	36.386360390796	41
0	1687	36.874917440104	42
0	1780	39.752832461382	43
0	1811	40.3505785382	44
0	1817	40.796097033251	45
0	1848	41.370629439992	46
0	1919	43.696980501686	47
0	1950	44.795892969237	48
0	1981	45.854727100725	49
0	2022	46.965324546412	50
0	2034	47.10335323484	51
0	2080	48.492395924631	52
0	2096	48.944497984856	53
0	2136	49.788925778384	54
0	2274	54.24342262456	55
0	2277	54.477724143336	56
0	2314	55.485743388756	57
0	2359	56.54448610385	58
0	2376	57.416401957476	59
0	2393	57.708482490743	60
0	2410	58.243547167826	61
0	2427	58.871488748817	62
0	2444	59.51526975042	63
0	2461	59.795546758899	64
0	2496	60.77241083297	65
0	2519	61.184912062892	66
0	2553	62.252984260042	67
0	2556	62.401696529294	68
0	2607	63.908331862567	69
0	2624	64.368345820307	70
0	2655	65.454615201185	71
0	2726	67.174946858902	72
0	2757	68.294761224656	73
0	2760	68.395795999965	74
0	2864	71.969384372309	75
0	2923	74.074705673101	76
0	2926	74.132032599525	77
0	2953	75.060511096426	78
0	2984	75.660457983067	79
0	3010	77.004703255219	80
0	3013	77.024893383365	81
0	3016	77.064869682423	82
0	3041	77.64774807129	83
0	3167	81.539318194135	84
0	3170	82.074202569892	85
0	3266	84.578114352977	86
0	3300	85.410957869043	87
0	3371	87.41419839155	88
0	3374	87.512848699968	89
0	3436	90.053153207927	90
0	3439	90.139923690267	91
0	3541	92.789179618943	92
0	3544	92.930510332504	93
0	3575	93.972290986683	94
0	3623	95.232224796792	95
0	3640	95.573878963818	96
0	3643	95.88139668758	97
0	3649	96.083747126147	98
0	3683	96.966876168106	99
0	3686	96.987188626902	100
0	3703	97.167440878887	101
0	3760	98.9331819513	102
0	3797	99.776264983448	103
0	3834	101.105022857198	104
0	3865	101.672927010678	105
0	3868	101.958947983186	106
0	3913	103.36997239248	107
0	3944	104.228365360309	108
0	3964	104.732709166897	109
0	4029	106.996442742758	110
0	4049	107.248862735649	111
0	4139	110.301144392533	112
0	4159	110.893768419985	113
0	4221	112.767228299842	114
0	4252	113.969466867089	115
0	4255	114.092993514451	116
0	4286	114.446013647725	117
0	4320	115.902832206289	118
0	4351	116.433554702906	119
0	4357	116.938573450661	120
0	4425	119.068072846729	121
0	4501	121.202903296712	122
0	4532	122.382286230357	123
0	4566	123.270147640794	124
0	4600	124.34798252493	125
0	4620	125.109850296226	126
0	4637	125.371907537901	127
0	4682	126.404704548546	128
0	4685	126.907015346807	129
0	4716	127.458411336941	130
0	4746	128.422864902435	131
0	4760	129.066969610758	132
0	4784	129.425896826628	133
0	4814	130.505217025284	134
0	4834	130.847816649982	135
0	4868	131.810191705753	136
0	4885	132.370152775827	137
0	4962	134.477600380777	138
0	4996	135.371329459083	139
0	5033	136.225409194726	140
0	5149	139.697944674008	141
0	5152	139.850238299262	142
0	5169	140.30841118322	143
0	5172	140.410731798073	144
0	5189	140.983193349501	145
0	5313	145.121003110011	146
0	5347	145.891079969557	147
0	5364	146.485153467881	148
0	5370	146.59076611151	149
0	5455	149.110048241593	150
0	5514	150.94978102667	151
0	5517	151.111651113382	152
0	5590	153.461828403133	153
0	5649	155.487737220236	154
0	5652	155.526020133121	155
0	5672	155.703345708266	156
0	5709	156.659312132188	157
0	5757	158.169135587797	158
0	5819	160.171122083323	159
0	5839	160.70112496146	160
0	5842	160.851915971654	161
0	5868	161.374786001742	162
0	5899	162.570224568024	163
0	5916	163.037497134434	164
0	5933	163.641796206282	165
0	5964	164.186653334427	166
0	6001	165.466987538239	167
0	6018	165.921899383031	168
0	6134	169.631859974935	169
0	6151	170.078112795454	170
0	6244	172.962724547556	171
0	6247	173.151019522775	172
0	6264	173.565632065434	173
0	6298	174.301763165421	174
0	6304	174.35763321831	175
0	6307	174.580772426411	176
0	6330	174.77860193387	177
0	6384	176.357014655976	178
0	6401	176.780671757333	179
0	6491	179.66521604574	180
0	6511	180.602354763463	181
0	6542	181.510318790788	182
0	6545	181.542675595433	183
0	6599	183.0735068217	184
0	6602	183.125189727495	185
0	6636	183.986113364176	186
0	6653	184.257781434518	187
0	6794	189.136914322512	188
0	6825	189.903993977084	189
0	6890	191.901165944574	190
0	6938	193.210951315936	191
0	6941	193.584837811839	192
0	6972	194.392817865238	193
0	6989	194.900682987925	194
0	6992	195.139435860773	195
0	7009	195.374960434192	196
0	7015	195.626559047305	197
0	7035	195.873418316104	198
0	7066	196.716397091518	199
0	7097	198.061744524752	200
0	7127	198.663423511276	201
1	0	0	0
2	0	0	0
2	648	1.859604212075	1
2	657	2.646805352057	2
2	701	4.52576940626	3
2	731	5.563928706924	4
2	752	6.139447903807	5
2	813	8.362972325843	6
2	826	8.681328466685	7
2	843	9.164930571633	8
2	872	9.814376919884	9
2	917	11.486588120209	10
2	937	12.14047068743	11
2	954	12.639342696446	12
2	1038	15.237596782295	13
2	1041	15.258022370694	14
2	1063	15.717270507949	15
2	1125	17.504758171388	16
2	1156	19.010542430025	17
2	1159	19.16177328369	18
2	1221	21.202087541632	19
2	1318	25.047309410774	20
2	1335	25.666238870401	21
2	1381	27.182774844391	22
2	1413	28.20420671874	23
2	1427	29.076527913782	24
2	1517	31.970948391769	25
2	1545	32.6126430938	26
2	1583	34.100897919552	27
2	1601	34.344946410289	28
2	1644	35.185281115901	29
2	1647	35.347417605347	30
2	1681	36.294414282522	31
2	1718	37.25396225989	32
2	1777	39.582875634104	33
2	1814	40.728014588804	34
2	1851	41.677509172301	35
2	1882	42.873616971758	36
2	1885	42.978178197533	37
2	1888	43.040293487999	38
2	2012	46.540507172454	39
2	2016	46.727933238472	40
2	2019	46.964139944555	41
2	2051	47.407543973176	42
2	2059	47.786505937459	43
2	2093	48.72256749723	44
2	2099	49.115680054534	45
2	2102	49.154863210947	46
2	2133	49.732187521754	47
2	2167	50.738058526921	48
2	2254	53.931005168975	49
2	2257	54.038640277131	50
2	2294	55.096466690483	51
2	2311	55.272380235909	52
2	2492	60.632480586152	53
2	2499	60.805608042298	54
2	2502	60.92256345209	55
2	2536	62.045731753623	56
2	2559	62.427287596997	57
2	2576	62.646168193504	58
2	2672	65.633358085356	59
2	2675	65.647022663787	60
2	2678	65.749167545312	61
2	2709	66.724269479468	62
2	2763	68.544088398752	63
2	2881	72.293119858336	64
2	2894	72.925456454732	65
2	2920	73.638040048065	66
2	3037	77.399967332569	67
2	3044	77.732377573533	68
2	3047	77.860434338844	69
2	3064	78.305853800764	70
2	3072	78.657029890145	71
2	3089	79.312676174509	72
2	3102	79.439064810934	73
2	3133	80.605938337483	74
2	3136	80.988639286345	75
2	3201	83.112876483347	76
2	3218	83.179173884829	77
2	3235	83.423569332911	78
2	3269	84.602758859976	79
2	3303	85.438856391946	80
2	3306	85.747271232044	81
2	3337	86.458519169261	82
2	3354	87.199278119708	83
2	3433	89.684860476685	84
2	3470	90.542756117759	85
2	3473	90.868096533288	86
2	3490	91.251656747387	87
2	3493	91.261057498051	88
2	3524	92.361903408142	89
2	3592	94.209231059144	90
2	3646	96.050513530631	91
2	3680	96.557713653888	92
2	3706	97.362511053689	93
2	3723	97.824241949733	94
2	3726	97.828948490225	95
2	3729	97.987289996456	96
2	3763	99.119924138428	97
2	3794	99.434645799283	98
2	3828	100.65115445272	99
2	3831	100.991501190955	100
2	3947	104.26664436867	101
2	3981	105.163235239456	102
2	3998	106.01245605102	103
2	4032	107.031114781039	104
2	4108	109.252621679513	105
2	4142	110.392229643046	106
2	4162	110.988609037376	107
2	4289	114.83161562062	108
2	4354	116.512537825166	109
2	4388	117.63781984201	110
2	4391	117.92523031808	111
2	4422	118.795766144406	112
2	4442	119.171504986813	113
2	4549	122.535875439864	114
2	4583	123.827784708665	115
2	4617	124.523584169565	116
2	4719	127.649052527223	117
2	4749	128.58145540763	118
2	4752	128.600835188978	119
2	4777	129.235962904609	120
2	4811	130.495006421873	121
2	4831	130.834671154455	122
2	4851	131.318306841044	123
2	4902	132.701286047581	124
2	4905	132.846860026029	125
2	4908	132.955407124524	126
2	4925	133.309631256769	127
2	4928	133.406554011346	128
2	4959	134.250442483937	129
2	4979	134.687470497711	130
2	4999	135.49002248347	131
2	5002	135.524225901828	132
2	5036	136.583235287209	133
2	5067	137.639084895869	134
2	5084	138.026214988018	135
2	5101	138.590825489139	136
2	5118	138.840906984117	137
2	5192	141.109540976809	138
2	5265	143.334455634034	139
2	5268	143.636021547257	140
2	5330	145.276919125184	141
2	5367	146.493938620521	142
2	5373	146.598820456121	143
2	5390	147.033166112065	144
2	5435	148.285773636977	145
2	5452	148.9192362547	146
2	5669	155.684626774637	147
2	5689	156.394544701861	148
2	5692	156.577083303744	149
2	5712	156.709267013359	150
2	5760	158.593195899945	151
2	5822	160.239915001272	152
2	5845	161.081795963004	153
2	5848	161.115582748556	154
2	5865	161.187258132869	155
2	5995	165.237104971674	156
2	5998	165.289017523857	157
2	6063	167.301790260063	158
2	6066	167.318558026055	159
2	6125	169.255135263546	160
2	6128	169.517464572712	161
2	6131	169.52924780463	162
2	6182	170.977041886618	163
2	6227	172.286340250641	164
2	6281	173.672631602662	165
2	6301	174.345092119496	166
2	6324	174.759071042169	167
2	6327	174.77776651259	168
2	6333	174.965285463793	169
2	6350	175.587882807771	170
2	6367	175.841388512914	171
2	6432	177.917419573357	172
2	6508	180.549638435906	173
2	6562	181.768435239249	174
2	6565	181.948392580801	175
2	6582	182.641592350339	176
2	6619	183.613074508434	177
2	6670	184.814045414976	178
2	6743	187.535393670889	179
2	6760	187.846361475859	180
2	6791	188.798191183401	181
2	6828	189.934787678658	182
2	6859	190.826166255568	183
2	6907	192.215843319344	184
2	7012	195.553777653198	185
2	7032	195.759809701681	186
2	7114	198.64888529358	187
2	7144	199.323129863216	188
2	7147	199.581142627156	189
3	0	0	0
4	0	0	0
5	0	0	0
6	0	0	0
7	0	0	0
8	1	0	1
8	17	0	0
8	83	0.0011	1
8	99	0.0011	0
8	165	0.0022	1
8	181	0.0022	0
8	247	0.0033	1
8	263	0.0033	0
8	329	0.0044	1
8	345	0.0044	0
8	411	0.0055	1
8	427	0.0055	0
8	493	0.0066	1
8	509	0.0066	0
8	575	0.0077	1
8	591	0.0077	0
8	643	0.898560388484	1
8	644	0.898560388484	0
8	647	1.821783519955	1
8	652	1.898560388484	0
8	677	3.773328855839	1
8	678	3.773328855839	0
8	700	4.324377342509	1
8	705	4.773328855839	0
8	725	5.301383768902	1
8	735	5.773328855839	0
8	747	5.786511932624	1
8	757	6.139671071762	2
8	760	6.198055740855	3
8	771	6.773328855839	2
8	799	7.773328855839	1
8	829	8.773328855839	0
8	853	9.512968020783	1
8	858	9.773328855839	0
8	901	11.081864138406	1
8	902	11.081864138406	0
8	931	11.834538251719	1
8	932	12.081864138406	0
8	959	12.673971104619	1
8	964	13.081864138406	0
8	1018	14.482340368894	1
8	1019	14.482340368894	0
8	1022	14.556025724359	1
8	1025	14.967603720602	2
8	1028	15.058764746726	3
8	1058	15.482340368894	2
8	1072	16.103377255034	3
8	1087	16.482340368894	2
8	1111	17.482340368894	1
8	1142	18.482340368894	0
8	1164	19.25354718371	1
8	1179	19.482340368894	0
8	1226	21.294439399622	1
8	1227	21.294439399622	0
8	1253	21.9361485723	1
8	1254	22.294439399622	0
8	1298	23.541388129362	1
8	1299	23.541388129362	0
8	1324	25.155390204255	1
8	1325	25.155390204255	0
8	1340	25.890354625445	1
8	1346	26.155390204255	0
8	1357	27.026293567155	1
8	1370	27.152167976593	2
8	1371	27.155390204255	1
8	1394	28.155390204255	0
8	1419	28.427395678817	1
8	1422	28.582125359317	2
8	1430	29.155390204255	1
8	1456	29.352960017784	2
8	1457	30.155390204255	1
8	1487	30.774324697878	2
8	1488	31.155390204255	1
8	1513	31.512151989634	2
8	1516	31.624098150267	3
8	1521	32.155390204255	2
8	1537	32.159663870495	3
8	1544	32.466944222648	4
8	1550	32.673147504678	5
8	1556	33.155390204255	4
8	1582	34.008437689302	5
8	1587	34.155390204255	4
8	1606	34.617520112485	5
8	1609	34.762798139777	6
8	1612	34.781766708978	7
8	1627	35.155390204255	6
8	1643	35.173537519655	7
8	1666	36.134918458721	8
8	1667	36.155390204255	7
8	1686	36.386360390796	8
8	1689	36.874917440104	9
8	1704	37.155390204255	8
8	1735	38.155390204255	7
8	1763	39.155390204255	6
8	1782	39.752832461382	7
8	1797	40.155390204255	6
8	1813	40.3505785382	7
8	1819	40.796097033251	8
8	1834	41.155390204255	7
8	1850	41.370629439992	8
8	1868	42.155390204255	7
8	1905	43.155390204255	6
8	1921	43.696980501686	7
8	1936	44.155390204255	6
8	1952	44.795892969237	7
8	1967	45.155390204255	6
8	1983	45.854727100725	7
8	1998	46.155390204255	6
8	2024	46.965324546412	7
8	2036	47.10335323484	8
8	2037	47.155390204255	7
8	2066	48.155390204255	6
8	2082	48.492395924631	7
8	2098	48.944497984856	8
8	2105	49.155390204255	7
8	2138	49.788925778384	8
8	2139	50.155390204255	7
8	2170	51.155390204255	6
8	2198	52.155390204255	5
8	2226	53.155390204255	4
8	2260	54.155390204255	3
8	2276	54.24342262456	4
8	2279	54.477724143336	5
8	2297	55.155390204255	4
8	2316	55.485743388756	5
8	2331	56.155390204255	4
8	2361	56.54448610385	5
8	2362	57.155390204255	4
8	2378	57.416401957476	5
8	2395	57.708482490743	6
8	2396	58.155390204255	5
8	2412	58.243547167826	6
8	2429	58.871488748817	7
8	2430	59.155390204255	6
8	2446	59.51526975042	7
8	2463	59.795546758899	8
8	2464	60.155390204255	7
8	2498	60.77241083297	8
8	2505	61.155390204255	7
8	2521	61.184912062892	8
8	2539	62.155390204255	7
8	2555	62.252984260042	8
8	2558	62.401696529294	9
8	2579	63.155390204255	8
8	2609	63.908331862567	9
8	2610	64.155390204255	8
8	2626	64.368345820307	9
8	2641	65.155390204255	8
8	2657	65.454615201185	9
8	2681	66.155390204255	8
8	2712	67.155390204255	7
8	2728	67.174946858902	8
8	2743	68.155390204255	7
8	2759	68.294761224656	8
8	2762	68.395795999965	9
8	2780	69.155390204255	8
8	2808	70.155390204255	7
8	2836	71.155390204255	6
8	2866	71.969384372309	7
8	2867	72.155390204255	6
8	2897	73.155390204255	5
8	2925	74.074705673101	6
8	2928	74.132032599525	7
8	2929	74.155390204255	6
8	2955	75.060511096426	7
8	2956	75.155390204255	6
8	2986	75.660457983067	7
8	2987	76.155390204255	6
8	3012	77.004703255219	7
8	3015	77.024893383365	8
8	3018	77.064869682423	9
8	3019	77.155390204255	8
8	3043	77.64774807129	9
8	3050	78.155390204255	8
8	3075	79.155390204255	7
8	3105	80.155390204255	6
8	3139	81.155390204255	5
8	3169	81.539318194135	6
8	3172	82.074202569892	7
8	3173	82.155390204255	6
8	3204	83.155390204255	5
8	3238	84.155390204255	4
8	3268	84.578114352977	5
8	3272	85.155390204255	4
8	3302	85.410957869043	5
8	3309	86.155390204255	4
8	3340	87.155390204255	3
8	3373	87.41419839155	4
8	3376	87.512848699968	5
8	3377	88.155390204255	4
8	3405	89.155390204255	3
8	3438	90.053153207927	4
8	3441	90.139923690267	5
8	3442	90.155390204255	4
8	3476	91.155390204255	3
8	3510	92.155390204255	2
8	3543	92.789179618943	3
8	3546	92.930510332504	4
8	3547	93.155390204255	3
8	3577	93.972290986683	4
8	3578	94.155390204255	3
8	3609	95.155390204255	2
8	3625	95.232224796792	3
8	3642	95.573878963818	4
8	3645	95.88139668758	5
8	3651	96.083747126147	6
8	3652	96.155390204255	5
8	3685	96.966876168106	6
8	3688	96.987188626902	7
8	3689	97.155390204255	6
8	3705	97.167440878887	7
8	3732	98.155390204255	6
8	3762	98.9331819513	7
8	3766	99.155390204255	6
8	3799	99.776264983448	7
8	3800	100.155390204255	6
8	3836	101.105022857198	7
8	3837	101.155390204255	6
8	3867	101.672927010678	7
8	3870	101.958947983186	8
8	3871	102.155390204255	7
8	3899	103.155390204255	6
8	3915	103.36997239248	7
8	3930	104.155390204255	6
8	3946	104.228365360309	7
8	3966	104.732709166897	8
8	3967	105.155390204255	7
8	4001	106.155390204255	6
8	4031	106.996442742758	7
8	4035	107.155390204255	6
8	4051	107.248862735649	7
8	4066	108.155390204255	6
8	4094	109.155390204255	5
8	4125	110.155390204255	4
8	4141	110.301144392533	5
8	4161	110.893768419985	6
8	4165	111.155390204255	5
8	4193	112.155390204255	4
8	4223	112.767228299842	5
8	4224	113.155390204255	4
8	4254	113.969466867089	5
8	4257	114.092993514451	6
8	4258	114.155390204255	5
8	4288	114.446013647725	6
8	4292	115.155390204255	5
8	4322	115.902832206289	6
8	4323	116.155390204255	5
8	4353	116.433554702906	6
8	4359	116.938573450661	7
8	4360	117.155390204255	6
8	4394	118.155390204255	5
8	4427	119.068072846729	6
8	4428	119.155390204255	5
8	4459	120.155390204255	4
8	4487	121.155390204255	3
8	4503	121.202903296712	4
8	4518	122.155390204255	3
8	4534	122.382286230357	4
8	4552	123.155390204255	3
8	4568	123.270147640794	4
8	4586	124.155390204255	3
8	4602	124.34798252493	4
8	4622	125.109850296226	5
8	4623	125.155390204255	4
8	4639	125.371907537901	5
8	4654	126.155390204255	4
8	4684	126.404704548546	5
8	4687	126.907015346807	6
8	4688	127.155390204255	5
8	4718	127.458411336941	6
8	4723	128.155390204255	5
8	4748	128.422864902435	6
8	4762	129.066969610758	7
8	4763	129.155390204255	6
8	4786	129.425896826628	7
8	4797	130.155390204255	6
8	4816	130.505217025284	7
8	4836	130.847816649982	8
8	4837	131.155390204255	7
8	4870	131.810191705753	8
8	4871	132.155390204255	7
8	4887	132.370152775827	8
8	4911	133.155390204255	7
8	4945	134.155390204255	6
8	4964	134.477600380777	7
8	4982	135.155390204255	6
8	4998	135.371329459083	7
8	5019	136.155390204255	6
8	5035	136.225409194726	7
8	5053	137.155390204255	6
8	5087	138.155390204255	5
8	5121	139.155390204255	4
8	5151	139.697944674008	5
8	5154	139.850238299262	6
8	5155	140.155390204255	5
8	5171	140.30841118322	6
8	5174	140.410731798073	7
8	5191	140.983193349501	8
8	5195	141.155390204255	7
8	5223	142.155390204255	6
8	5251	143.155390204255	5
8	5285	144.155390204255	4
8	5315	145.121003110011	5
8	5316	145.155390204255	4
8	5349	145.891079969557	5
8	5350	146.155390204255	4
8	5366	146.485153467881	5
8	5372	146.59076611151	6
8	5393	147.155390204255	5
8	5421	148.155390204255	4
8	5457	149.110048241593	5
8	5458	149.155390204255	4
8	5486	150.155390204255	3
8	5516	150.94978102667	4
8	5519	151.111651113382	5
8	5520	151.155390204255	4
8	5548	152.155390204255	3
8	5576	153.155390204255	2
8	5592	153.461828403133	3
8	5607	154.155390204255	2
8	5635	155.155390204255	1
8	5651	155.487737220236	2
8	5654	155.526020133121	3
8	5674	155.703345708266	4
8	5675	156.155390204255	3
8	5711	156.659312132188	4
8	5715	157.155390204255	3
8	5743	158.155390204255	2
8	5759	158.169135587797	3
8	5777	159.155390204255	2
8	5805	160.155390204255	1
8	5821	160.171122083323	2
8	5841	160.70112496146	3
8	5844	160.851915971654	4
8	5851	161.155390204255	3
8	5870	161.374786001742	4
8	5885	162.155390204255	3
8	5901	162.570224568024	4
8	5918	163.037497134434	5
8	5919	163.155390204255	4
8	5935	163.641796206282	5
8	5950	164.155390204255	4
8	5966	164.186653334427	5
8	5981	165.155390204255	4
8	6003	165.466987538239	5
8	6020	165.921899383031	6
8	6021	166.155390204255	5
8	6049	167.155390204255	4
8	6083	168.155390204255	3
8	6111	169.155390204255	2
8	6136	169.631859974935	3
8	6153	170.078112795454	4
8	6154	170.155390204255	3
8	6185	171.155390204255	2
8	6213	172.155390204255	1
8	6246	172.962724547556	2
8	6249	173.151019522775	3
8	6250	173.155390204255	2
8	6266	173.565632065434	3
8	6284	174.155390204255	2
8	6300	174.301763165421	3
8	6306	174.35763321831	4
8	6309	174.580772426411	5
8	6332	174.77860193387	6
8	6336	175.155390204255	5
8	6370	176.155390204255	4
8	6386	176.357014655976	5
8	6403	176.780671757333	6
8	6404	177.155390204255	5
8	6435	178.155390204255	4
8	6463	179.155390204255	3
8	6493	179.66521604574	4
8	6494	180.155390204255	3
8	6513	180.602354763463	4
8	6528	181.155390204255	3
8	6544	181.510318790788	4
8	6547	181.542675595433	5
8	6568	182.155390204255	4
8	6601	183.0735068217	5
8	6604	183.125189727495	6
8	6605	183.155390204255	5
8	6638	183.986113364176	6
8	6639	184.155390204255	5
8	6655	184.257781434518	6
8	6673	185.155390204255	5
8	6701	186.155390204255	4
8	6729	187.155390204255	3
8	6763	188.155390204255	2
8	6796	189.136914322512	3
8	6797	189.155390204255	2
8	6827	189.903993977084	3
8	6831	190.155390204255	2
8	6862	191.155390204255	1
8	6892	191.901165944574	2
8	6893	192.155390204255	1
8	6924	193.155390204255	0
8	6940	193.210951315936	1
8	6943	193.584837811839	2
8	6958	194.155390204255	1
8	6974	194.392817865238	2
8	6991	194.900682987925	3
8	6994	195.139435860773	4
8	6995	195.155390204255	3
8	7011	195.374960434192	4
8	7017	195.626559047305	5
8	7037	195.873418316104	6
8	7038	196.155390204255	5
8	7068	196.716397091518	6
8	7069	197.155390204255	5
8	7099	198.061744524752	6
8	7100	198.155390204255	5
8	7129	198.663423511276	6
8	7130	199.155390204255	5
9	2	0	1
9	18	0	0
9	96	0.0011	1
9	112	0.0011	0
9	174	0.0022	1
9	190	0.0022	0
9	252	0.0033	1
9	268	0.0033	0
9	330	0.0044	1
9	346	0.0044	0
9	408	0.0055	1
9	424	0.0055	0
9	486	0.0066	1
9	502	0.0066	0
9	564	0.0077	1
9	580	0.0077	0
10	3	0	1
10	19	0	0
10	85	0.0011	1
10	101	0.0011	0
10	167	0.0022	1
10	183	0.0022	0
10	249	0.0033	1
10	265	0.0033	0
10	331	0.0044	1
10	347	0.0044	0
10	413	0.0055	1
10	429	0.0055	0
10	495	0.0066	1
10	511	0.0066	0
10	561	0.0077	1
10	577	0.0077	0
11	4	0	1
11	20	0	0
11	82	0.0011	1
11	98	0.0011	0
11	176	0.0022	1
11	192	0.0022	0
11	254	0.0033	1
11	270	0.0033	0
11	332	0.0044	1
11	348	0.0044	0
11	410	0.0055	1
11	426	0.0055	0
11	488	0.0066	1
11	504	0.0066	0
11	566	0.0077	1
11	582	0.0077	0
12	5	0	1
12	21	0	0
12	87	0.0011	1
12	103	0.0011	0
12	169	0.0022	1
12	185	0.0022	0
12	251	0.0033	1
12	267	0.0033	0
12	333	0.0044	1
12	349	0.0044	0
12	415	0.0055	1
12	431	0.0055	0
12	481	0.0066	1
12	497	0.0066	0
12	563	0.0077	1
12	579	0.0077	0
13	6	0	1
13	22	0	0
13	84	0.0011	1
13	100	0.0011	0
13	162	0.0022	1
13	178	0.0022	0
13	256	0.0033	1
13	272	0.0033	0
13	334	0.0044	1
13	350	0.0044	0
13	412	0.0055	1
13	428	0.0055	0
13	490	0.0066	1
13	506	0.0066	0
13	568	0.0077	1
13	584	0.0077	0
13	650	1.859604212075	1
13	651	1.859604212075	0
13	659	2.646805352057	1
13	660	2.859604212075	0
13	703	4.52576940626	1
13	704	4.52576940626	0
13	733	5.563928706924	1
13	734	5.563928706924	0
13	754	6.139447903807	1
13	766	6.563928706924	0
13	815	8.362972325843	1
13	816	8.362972325843	0
13	828	8.681328466685	1
13	845	9.164930571633	2
13	846	9.362972325843	1
13	874	9.814376919884	2
13	875	10.362972325843	1
13	903	11.362972325843	0
13	919	11.486588120209	1
13	939	12.14047068743	2
13	940	12.362972325843	1
13	956	12.639342696446	2
13	974	13.362972325843	1
13	1002	14.362972325843	0
13	1040	15.237596782295	1
13	1043	15.258022370694	2
13	1044	15.362972325843	1
13	1065	15.717270507949	2
13	1073	16.362972325843	1
13	1097	17.362972325843	0
13	1127	17.504758171388	1
13	1128	18.362972325843	0
13	1158	19.010542430025	1
13	1161	19.16177328369	2
13	1165	19.362972325843	1
13	1193	20.362972325843	0
13	1223	21.202087541632	1
13	1228	21.362972325843	0
13	1320	25.047309410774	1
13	1321	25.047309410774	0
13	1337	25.666238870401	1
13	1341	26.047309410774	0
13	1383	27.182774844391	1
13	1384	27.182774844391	0
13	1415	28.20420671874	1
13	1416	28.20420671874	0
13	1429	29.076527913782	1
13	1449	29.20420671874	0
13	1519	31.970948391769	1
13	1520	31.970948391769	0
13	1547	32.6126430938	1
13	1551	32.970948391769	0
13	1585	34.100897919552	1
13	1586	34.100897919552	0
13	1603	34.344946410289	1
13	1622	35.100897919552	0
13	1646	35.185281115901	1
13	1649	35.347417605347	2
13	1654	36.100897919552	1
13	1683	36.294414282522	2
13	1690	37.100897919552	1
13	1720	37.25396225989	2
13	1721	38.100897919552	1
13	1749	39.100897919552	0
13	1779	39.582875634104	1
13	1783	40.100897919552	0
13	1816	40.728014588804	1
13	1820	41.100897919552	0
13	1853	41.677509172301	1
13	1854	42.100897919552	0
13	1884	42.873616971758	1
13	1887	42.978178197533	2
13	1890	43.040293487999	3
13	1891	43.100897919552	2
13	1922	44.100897919552	1
13	1953	45.100897919552	0
13	2014	46.540507172454	1
13	2015	46.540507172454	0
13	2018	46.727933238472	1
13	2021	46.964139944555	2
13	2053	47.407543973176	3
13	2054	47.540507172454	2
13	2061	47.786505937459	3
13	2083	48.540507172454	2
13	2095	48.72256749723	3
13	2101	49.115680054534	4
13	2104	49.154863210947	5
13	2119	49.540507172454	4
13	2135	49.732187521754	5
13	2153	50.540507172454	4
13	2169	50.738058526921	5
13	2184	51.540507172454	4
13	2212	52.540507172454	3
13	2240	53.540507172454	2
13	2256	53.931005168975	3
13	2259	54.038640277131	4
13	2280	54.540507172454	3
13	2296	55.096466690483	4
13	2313	55.272380235909	5
13	2317	55.540507172454	4
13	2345	56.540507172454	3
13	2379	57.540507172454	2
13	2413	58.540507172454	1
13	2447	59.540507172454	0
13	2494	60.632480586152	1
13	2495	60.632480586152	0
13	2501	60.805608042298	1
13	2504	60.92256345209	2
13	2531	61.632480586152	1
13	2538	62.045731753623	2
13	2561	62.427287596997	3
13	2566	62.632480586152	2
13	2578	62.646168193504	3
13	2593	63.632480586152	2
13	2627	64.632480586152	1
13	2658	65.632480586152	0
13	2674	65.633358085356	1
13	2677	65.647022663787	2
13	2680	65.749167545312	3
13	2695	66.632480586152	2
13	2711	66.724269479468	3
13	2729	67.632480586152	2
13	2765	68.544088398752	3
13	2766	68.632480586152	2
13	2794	69.632480586152	1
13	2822	70.632480586152	0
13	2883	72.293119858336	1
13	2884	72.293119858336	0
13	2896	72.925456454732	1
13	2911	73.293119858336	0
13	2922	73.638040048065	1
13	2943	74.293119858336	0
13	3039	77.399967332569	1
13	3040	77.399967332569	0
13	3046	77.732377573533	1
13	3049	77.860434338844	2
13	3066	78.305853800764	3
13	3067	78.399967332569	2
13	3074	78.657029890145	3
13	3091	79.312676174509	4
13	3092	79.399967332569	3
13	3104	79.439064810934	4
13	3119	80.399967332569	3
13	3135	80.605938337483	4
13	3138	80.988639286345	5
13	3153	81.399967332569	4
13	3187	82.399967332569	3
13	3203	83.112876483347	4
13	3220	83.179173884829	5
13	3221	83.399967332569	4
13	3237	83.423569332911	5
13	3252	84.399967332569	4
13	3271	84.602758859976	5
13	3286	85.399967332569	4
13	3305	85.438856391946	5
13	3308	85.747271232044	6
13	3323	86.399967332569	5
13	3339	86.458519169261	6
13	3356	87.199278119708	7
13	3357	87.399967332569	6
13	3391	88.399967332569	5
13	3419	89.399967332569	4
13	3435	89.684860476685	5
13	3456	90.399967332569	4
13	3472	90.542756117759	5
13	3475	90.868096533288	6
13	3492	91.251656747387	7
13	3495	91.261057498051	8
13	3496	91.399967332569	7
13	3526	92.361903408142	8
13	3527	92.399967332569	7
13	3561	93.399967332569	6
13	3594	94.209231059144	7
13	3595	94.399967332569	6
13	3626	95.399967332569	5
13	3648	96.050513530631	6
13	3666	96.399967332569	5
13	3682	96.557713653888	6
13	3708	97.362511053689	7
13	3709	97.399967332569	6
13	3725	97.824241949733	7
13	3728	97.828948490225	8
13	3731	97.987289996456	9
13	3746	98.399967332569	8
13	3765	99.119924138428	9
13	3780	99.399967332569	8
13	3796	99.434645799283	9
13	3814	100.399967332569	8
13	3830	100.65115445272	9
13	3833	100.991501190955	10
13	3851	101.399967332569	9
13	3885	102.399967332569	8
13	3916	103.399967332569	7
13	3949	104.26664436867	8
13	3950	104.399967332569	7
13	3983	105.163235239456	8
13	3984	105.399967332569	7
13	4000	106.01245605102	8
13	4015	106.399967332569	7
13	4034	107.031114781039	8
13	4052	107.399967332569	7
13	4080	108.399967332569	6
13	4110	109.252621679513	7
13	4111	109.399967332569	6
13	4144	110.392229643046	7
13	4145	110.399967332569	6
13	4164	110.988609037376	7
13	4179	111.399967332569	6
13	4207	112.399967332569	5
13	4238	113.399967332569	4
13	4272	114.399967332569	3
13	4291	114.83161562062	4
13	4306	115.399967332569	3
13	4337	116.399967332569	2
13	4356	116.512537825166	3
13	4374	117.399967332569	2
13	4390	117.63781984201	3
13	4393	117.92523031808	4
13	4408	118.399967332569	3
13	4424	118.795766144406	4
13	4444	119.171504986813	5
13	4445	119.399967332569	4
13	4473	120.399967332569	3
13	4504	121.399967332569	2
13	4535	122.399967332569	1
13	4551	122.535875439864	2
13	4569	123.399967332569	1
13	4585	123.827784708665	2
13	4603	124.399967332569	1
13	4619	124.523584169565	2
13	4640	125.399967332569	1
13	4668	126.399967332569	0
13	4721	127.649052527223	1
13	4722	127.649052527223	0
13	4751	128.58145540763	1
13	4754	128.600835188978	2
13	4755	128.649052527223	1
13	4779	129.235962904609	2
13	4787	129.649052527223	1
13	4813	130.495006421873	2
13	4817	130.649052527223	1
13	4833	130.834671154455	2
13	4853	131.318306841044	3
13	4854	131.649052527223	2
13	4888	132.649052527223	1
13	4904	132.701286047581	2
13	4907	132.846860026029	3
13	4910	132.955407124524	4
13	4927	133.309631256769	5
13	4930	133.406554011346	6
13	4931	133.649052527223	5
13	4961	134.250442483937	6
13	4965	134.649052527223	5
13	4981	134.687470497711	6
13	5001	135.49002248347	7
13	5004	135.524225901828	8
13	5005	135.649052527223	7
13	5038	136.583235287209	8
13	5039	136.649052527223	7
13	5069	137.639084895869	8
13	5070	137.649052527223	7
13	5086	138.026214988018	8
13	5103	138.590825489139	9
13	5104	138.649052527223	8
13	5120	138.840906984117	9
13	5135	139.649052527223	8
13	5175	140.649052527223	7
13	5194	141.109540976809	8
13	5209	141.649052527223	7
13	5237	142.649052527223	6
13	5267	143.334455634034	7
13	5270	143.636021547257	8
13	5271	143.649052527223	7
13	5299	144.649052527223	6
13	5332	145.276919125184	7
13	5333	145.649052527223	6
13	5369	146.493938620521	7
13	5375	146.598820456121	8
13	5376	146.649052527223	7
13	5392	147.033166112065	8
13	5407	147.649052527223	7
13	5437	148.285773636977	8
13	5438	148.649052527223	7
13	5454	148.9192362547	8
13	5472	149.649052527223	7
13	5500	150.649052527223	6
13	5534	151.649052527223	5
13	5562	152.649052527223	4
13	5593	153.649052527223	3
13	5621	154.649052527223	2
13	5655	155.649052527223	1
13	5671	155.684626774637	2
13	5691	156.394544701861	3
13	5694	156.577083303744	4
13	5695	156.649052527223	3
13	5714	156.709267013359	4
13	5729	157.649052527223	3
13	5762	158.593195899945	4
13	5763	158.649052527223	3
13	5791	159.649052527223	2
13	5824	160.239915001272	3
13	5825	160.649052527223	2
13	5847	161.081795963004	3
13	5850	161.115582748556	4
13	5867	161.187258132869	5
13	5871	161.649052527223	4
13	5902	162.649052527223	3
13	5936	163.649052527223	2
13	5967	164.649052527223	1
13	5997	165.237104971674	2
13	6000	165.289017523857	3
13	6004	165.649052527223	2
13	6035	166.649052527223	1
13	6065	167.301790260063	2
13	6068	167.318558026055	3
13	6069	167.649052527223	2
13	6097	168.649052527223	1
13	6127	169.255135263546	2
13	6130	169.517464572712	3
13	6133	169.52924780463	4
13	6137	169.649052527223	3
13	6168	170.649052527223	2
13	6184	170.977041886618	3
13	6199	171.649052527223	2
13	6229	172.286340250641	3
13	6230	172.649052527223	2
13	6267	173.649052527223	1
13	6283	173.672631602662	2
13	6303	174.345092119496	3
13	6310	174.649052527223	2
13	6326	174.759071042169	3
13	6329	174.77776651259	4
13	6335	174.965285463793	5
13	6352	175.587882807771	6
13	6353	175.649052527223	5
13	6369	175.841388512914	6
13	6387	176.649052527223	5
13	6418	177.649052527223	4
13	6434	177.917419573357	5
13	6449	178.649052527223	4
13	6477	179.649052527223	3
13	6510	180.549638435906	4
13	6514	180.649052527223	3
13	6548	181.649052527223	2
13	6564	181.768435239249	3
13	6567	181.948392580801	4
13	6584	182.641592350339	5
13	6585	182.649052527223	4
13	6621	183.613074508434	5
13	6622	183.649052527223	4
13	6656	184.649052527223	3
13	6672	184.814045414976	4
13	6687	185.649052527223	3
13	6715	186.649052527223	2
13	6745	187.535393670889	3
13	6746	187.649052527223	2
13	6762	187.846361475859	3
13	6777	188.649052527223	2
13	6793	188.798191183401	3
13	6811	189.649052527223	2
13	6830	189.934787678658	3
13	6845	190.649052527223	2
13	6861	190.826166255568	3
13	6876	191.649052527223	2
13	6909	192.215843319344	3
13	6910	192.649052527223	2
13	6944	193.649052527223	1
13	6975	194.649052527223	0
13	7014	195.553777653198	1
13	7018	195.649052527223	0
13	7034	195.759809701681	1
13	7052	196.649052527223	0
13	7116	198.64888529358	1
13	7117	198.64888529358	0
13	7146	199.323129863216	1
13	7149	199.581142627156	2
13	7150	199.64888529358	1
14	7	0	1
14	23	0	0
14	89	0.0011	1
14	105	0.0011	0
14	171	0.0022	1
14	187	0.0022	0
14	253	0.0033	1
14	269	0.0033	0
14	335	0.0044	1
14	351	0.0044	0
14	401	0.0055	1
14	417	0.0055	0
14	483	0.0066	1
14	499	0.0066	0
14	565	0.0077	1
14	581	0.0077	0
15	8	0	1
15	24	0	0
15	86	0.0011	1
15	102	0.0011	0
15	164	0.0022	1
15	180	0.0022	0
15	242	0.0033	1
15	258	0.0033	0
15	336	0.0044	1
15	352	0.0044	0
15	414	0.0055	1
15	430	0.0055	0
15	492	0.0066	1
15	508	0.0066	0
15	570	0.0077	1
15	586	0.0077	0
15	663	2.859704212075	1
15	664	2.859704212075	0
15	683	3.859704212075	1
15	684	3.859704212075	0
15	729	5.52586940626	1
15	730	5.52586940626	0
15	769	6.564028706924	1
15	770	6.564028706924	0
15	793	7.564028706924	1
15	794	7.564028706924	0
15	849	9.363072325843	1
15	850	9.363072325843	0
15	879	10.363072325843	1
15	880	10.363072325843	0
15	907	11.363072325843	1
15	908	11.363072325843	0
15	944	12.363072325843	1
15	945	12.363072325843	0
15	978	13.363072325843	1
15	979	13.363072325843	0
15	1006	14.363072325843	1
15	1007	14.363072325843	0
15	1048	15.363072325843	1
15	1049	15.363072325843	0
15	1077	16.363072325843	1
15	1078	16.363072325843	0
15	1101	17.363072325843	1
15	1102	17.363072325843	0
15	1132	18.363072325843	1
15	1133	18.363072325843	0
15	1169	19.363072325843	1
15	1170	19.363072325843	0
15	1197	20.363072325843	1
15	1198	20.363072325843	0
15	1232	21.363072325843	1
15	1233	21.363072325843	0
15	1263	22.363072325843	1
15	1264	22.363072325843	0
15	1344	26.047409410774	1
15	1345	26.047409410774	0
15	1362	27.047409410774	1
15	1363	27.047409410774	0
15	1411	28.182874844391	1
15	1412	28.182874844391	0
15	1452	29.20430671874	1
15	1453	29.20430671874	0
15	1479	30.20430671874	1
15	1480	30.20430671874	0
15	1554	32.971048391769	1
15	1555	32.971048391769	0
15	1574	33.971048391769	1
15	1575	33.971048391769	0
15	1625	35.100997919552	1
15	1626	35.100997919552	0
15	1658	36.100997919552	1
15	1659	36.100997919552	0
15	1694	37.100997919552	1
15	1695	37.100997919552	0
15	1725	38.100997919552	1
15	1726	38.100997919552	0
15	1753	39.100997919552	1
15	1754	39.100997919552	0
15	1787	40.100997919552	1
15	1788	40.100997919552	0
15	1824	41.100997919552	1
15	1825	41.100997919552	0
15	1858	42.100997919552	1
15	1859	42.100997919552	0
15	1895	43.100997919552	1
15	1896	43.100997919552	0
15	1926	44.100997919552	1
15	1927	44.100997919552	0
15	1957	45.100997919552	1
15	1958	45.100997919552	0
15	1988	46.100997919552	1
15	1989	46.100997919552	0
15	2057	47.540607172454	1
15	2058	47.540607172454	0
15	2087	48.540607172454	1
15	2088	48.540607172454	0
15	2123	49.540607172454	1
15	2124	49.540607172454	0
15	2157	50.540607172454	1
15	2158	50.540607172454	0
15	2188	51.540607172454	1
15	2189	51.540607172454	0
15	2216	52.540607172454	1
15	2217	52.540607172454	0
15	2244	53.540607172454	1
15	2245	53.540607172454	0
15	2284	54.540607172454	1
15	2285	54.540607172454	0
15	2321	55.540607172454	1
15	2322	55.540607172454	0
15	2349	56.540607172454	1
15	2350	56.540607172454	0
15	2383	57.540607172454	1
15	2384	57.540607172454	0
15	2417	58.540607172454	1
15	2418	58.540607172454	0
15	2451	59.540607172454	1
15	2452	59.540607172454	0
15	2482	60.540607172454	1
15	2483	60.540607172454	0
15	2534	61.632580586152	1
15	2535	61.632580586152	0
15	2570	62.632580586152	1
15	2571	62.632580586152	0
15	2597	63.632580586152	1
15	2598	63.632580586152	0
15	2631	64.632580586152	1
15	2632	64.632580586152	0
15	2662	65.632580586152	1
15	2663	65.632580586152	0
15	2699	66.632580586152	1
15	2700	66.632580586152	0
15	2733	67.632580586152	1
15	2734	67.632580586152	0
15	2770	68.632580586152	1
15	2771	68.632580586152	0
15	2798	69.632580586152	1
15	2799	69.632580586152	0
15	2826	70.632580586152	1
15	2827	70.632580586152	0
15	2854	71.632580586152	1
15	2855	71.632580586152	0
15	2914	73.293219858336	1
15	2915	73.293219858336	0
15	2947	74.293219858336	1
15	2948	74.293219858336	0
15	2974	75.293219858336	1
15	2975	75.293219858336	0
15	3070	78.400067332569	1
15	3071	78.400067332569	0
15	3096	79.400067332569	1
15	3097	79.400067332569	0
15	3123	80.400067332569	1
15	3124	80.400067332569	0
15	3157	81.400067332569	1
15	3158	81.400067332569	0
15	3191	82.400067332569	1
15	3192	82.400067332569	0
15	3225	83.400067332569	1
15	3226	83.400067332569	0
15	3256	84.400067332569	1
15	3257	84.400067332569	0
15	3290	85.400067332569	1
15	3291	85.400067332569	0
15	3327	86.400067332569	1
15	3328	86.400067332569	0
15	3361	87.400067332569	1
15	3362	87.400067332569	0
15	3395	88.400067332569	1
15	3396	88.400067332569	0
15	3423	89.400067332569	1
15	3424	89.400067332569	0
15	3460	90.400067332569	1
15	3461	90.400067332569	0
15	3500	91.400067332569	1
15	3501	91.400067332569	0
15	3531	92.400067332569	1
15	3532	92.400067332569	0
15	3565	93.400067332569	1
15	3566	93.400067332569	0
15	3599	94.400067332569	1
15	3600	94.400067332569	0
15	3630	95.400067332569	1
15	3631	95.400067332569	0
15	3670	96.400067332569	1
15	3671	96.400067332569	0
15	3713	97.400067332569	1
15	3714	97.400067332569	0
15	3750	98.400067332569	1
15	3751	98.400067332569	0
15	3784	99.400067332569	1
15	3785	99.400067332569	0
15	3818	100.400067332569	1
15	3819	100.400067332569	0
15	3855	101.400067332569	1
15	3856	101.400067332569	0
15	3889	102.400067332569	1
15	3890	102.400067332569	0
15	3920	103.400067332569	1
15	3921	103.400067332569	0
15	3954	104.400067332569	1
15	3955	104.400067332569	0
15	3988	105.400067332569	1
15	3989	105.400067332569	0
15	4019	106.400067332569	1
15	4020	106.400067332569	0
15	4056	107.400067332569	1
15	4057	107.400067332569	0
15	4084	108.400067332569	1
15	4085	108.400067332569	0
15	4115	109.400067332569	1
15	4116	109.400067332569	0
15	4149	110.400067332569	1
15	4150	110.400067332569	0
15	4183	111.400067332569	1
15	4184	111.400067332569	0
15	4211	112.400067332569	1
15	4212	112.400067332569	0
15	4242	113.400067332569	1
15	4243	113.400067332569	0
15	4276	114.400067332569	1
15	4277	114.400067332569	0
15	4310	115.400067332569	1
15	4311	115.400067332569	0
15	4341	116.400067332569	1
15	4342	116.400067332569	0
15	4378	117.400067332569	1
15	4379	117.400067332569	0
15	4412	118.400067332569	1
15	4413	118.400067332569	0
15	4449	119.400067332569	1
15	4450	119.400067332569	0
15	4477	120.400067332569	1
15	4478	120.400067332569	0
15	4508	121.400067332569	1
15	4509	121.400067332569	0
15	4539	122.400067332569	1
15	4540	122.400067332569	0
15	4573	123.400067332569	1
15	4574	123.400067332569	0
15	4607	124.400067332569	1
15	4608	124.400067332569	0
15	4644	125.400067332569	1
15	4645	125.400067332569	0
15	4672	126.400067332569	1
15	4673	126.400067332569	0
15	4706	127.400067332569	1
15	4707	127.400067332569	0
15	4758	128.649152527223	1
15	4759	128.649152527223	0
15	4791	129.649152527223	1
15	4792	129.649152527223	0
15	4821	130.649152527223	1
15	4822	130.649152527223	0
15	4858	131.649152527223	1
15	4859	131.649152527223	0
15	4892	132.649152527223	1
15	4893	132.649152527223	0
15	4935	133.649152527223	1
15	4936	133.649152527223	0
15	4969	134.649152527223	1
15	4970	134.649152527223	0
15	5009	135.649152527223	1
15	5010	135.649152527223	0
15	5043	136.649152527223	1
15	5044	136.649152527223	0
15	5074	137.649152527223	1
15	5075	137.649152527223	0
15	5108	138.649152527223	1
15	5109	138.649152527223	0
15	5139	139.649152527223	1
15	5140	139.649152527223	0
15	5179	140.649152527223	1
15	5180	140.649152527223	0
15	5213	141.649152527223	1
15	5214	141.649152527223	0
15	5241	142.649152527223	1
15	5242	142.649152527223	0
15	5275	143.649152527223	1
15	5276	143.649152527223	0
15	5303	144.649152527223	1
15	5304	144.649152527223	0
15	5337	145.649152527223	1
15	5338	145.649152527223	0
15	5380	146.649152527223	1
15	5381	146.649152527223	0
15	5411	147.649152527223	1
15	5412	147.649152527223	0
15	5442	148.649152527223	1
15	5443	148.649152527223	0
15	5476	149.649152527223	1
15	5477	149.649152527223	0
15	5504	150.649152527223	1
15	5505	150.649152527223	0
15	5538	151.649152527223	1
15	5539	151.649152527223	0
15	5566	152.649152527223	1
15	5567	152.649152527223	0
15	5597	153.649152527223	1
15	5598	153.649152527223	0
15	5625	154.649152527223	1
15	5626	154.649152527223	0
15	5659	155.649152527223	1
15	5660	155.649152527223	0
15	5699	156.649152527223	1
15	5700	156.649152527223	0
15	5733	157.649152527223	1
15	5734	157.649152527223	0
15	5767	158.649152527223	1
15	5768	158.649152527223	0
15	5795	159.649152527223	1
15	5796	159.649152527223	0
15	5829	160.649152527223	1
15	5830	160.649152527223	0
15	5875	161.649152527223	1
15	5876	161.649152527223	0
15	5906	162.649152527223	1
15	5907	162.649152527223	0
15	5940	163.649152527223	1
15	5941	163.649152527223	0
15	5971	164.649152527223	1
15	5972	164.649152527223	0
15	6008	165.649152527223	1
15	6009	165.649152527223	0
15	6039	166.649152527223	1
15	6040	166.649152527223	0
15	6073	167.649152527223	1
15	6074	167.649152527223	0
15	6101	168.649152527223	1
15	6102	168.649152527223	0
15	6141	169.649152527223	1
15	6142	169.649152527223	0
15	6172	170.649152527223	1
15	6173	170.649152527223	0
15	6203	171.649152527223	1
15	6204	171.649152527223	0
15	6234	172.649152527223	1
15	6235	172.649152527223	0
15	6271	173.649152527223	1
15	6272	173.649152527223	0
15	6314	174.649152527223	1
15	6315	174.649152527223	0
15	6357	175.649152527223	1
15	6358	175.649152527223	0
15	6391	176.649152527223	1
15	6392	176.649152527223	0
15	6422	177.649152527223	1
15	6423	177.649152527223	0
15	6453	178.649152527223	1
15	6454	178.649152527223	0
15	6481	179.649152527223	1
15	6482	179.649152527223	0
15	6518	180.649152527223	1
15	6519	180.649152527223	0
15	6552	181.649152527223	1
15	6553	181.649152527223	0
15	6589	182.649152527223	1
15	6590	182.649152527223	0
15	6626	183.649152527223	1
15	6627	183.649152527223	0
15	6660	184.649152527223	1
15	6661	184.649152527223	0
15	6691	185.649152527223	1
15	6692	185.649152527223	0
15	6719	186.649152527223	1
15	6720	186.649152527223	0
15	6750	187.649152527223	1
15	6751	187.649152527223	0
15	6781	188.649152527223	1
15	6782	188.649152527223	0
15	6815	189.649152527223	1
15	6816	189.649152527223	0
15	6849	190.649152527223	1
15	6850	190.649152527223	0
15	6880	191.649152527223	1
15	6881	191.649152527223	0
15	6914	192.649152527223	1
15	6915	192.649152527223	0
15	6948	193.649152527223	1
15	6949	193.649152527223	0
15	6979	194.649152527223	1
15	6980	194.649152527223	0
15	7022	195.649152527223	1
15	7023	195.649152527223	0
15	7056	196.649152527223	1
15	7057	196.649152527223	0
15	7087	197.649152527223	1
15	7088	197.649152527223	0
15	7153	199.64898529358	1
15	7154	199.64898529358	0
16	9	0	1
16	25	0	0
16	91	0.0011	1
16	107	0.0011	0
16	173	0.0022	1
16	189	0.0022	0
16	255	0.0033	1
16	271	0.0033	0
16	321	0.0044	1
16	337	0.0044	0
16	403	0.0055	1
16	419	0.0055	0
16	485	0.0066	1
16	501	0.0066	0
16	567	0.0077	1
16	583	0.0077	0
17	10	0	1
17	26	0	0
17	88	0.0011	1
17	104	0.0011	0
17	166	0.0022	1
17	182	0.0022	0
17	244	0.0033	1
17	260	0.0033	0
17	322	0.0044	1
17	338	0.0044	0
17	416	0.0055	1
17	432	0.0055	0
17	494	0.0066	1
17	510	0.0066	0
17	572	0.0077	1
17	588	0.0077	0
17	687	3.859804212075	1
17	688	3.859804212075	0
17	714	4.859804212075	1
17	715	4.859804212075	0
17	764	6.52596940626	1
17	765	6.52596940626	0
17	797	7.564128706924	1
17	798	7.564128706924	0
17	821	8.564128706924	1
17	822	8.564128706924	0
17	883	10.363172325843	1
17	884	10.363172325843	0
17	912	11.363172325843	1
17	913	11.363172325843	0
17	949	12.363172325843	1
17	950	12.363172325843	0
17	983	13.363172325843	1
17	984	13.363172325843	0
17	1011	14.363172325843	1
17	1012	14.363172325843	0
17	1053	15.363172325843	1
17	1054	15.363172325843	0
17	1082	16.363172325843	1
17	1083	16.363172325843	0
17	1106	17.363172325843	1
17	1107	17.363172325843	0
17	1137	18.363172325843	1
17	1138	18.363172325843	0
17	1174	19.363172325843	1
17	1175	19.363172325843	0
17	1202	20.363172325843	1
17	1203	20.363172325843	0
17	1237	21.363172325843	1
17	1238	21.363172325843	0
17	1268	22.363172325843	1
17	1269	22.363172325843	0
17	1291	23.363172325843	1
17	1292	23.363172325843	0
17	1366	27.047509410774	1
17	1367	27.047509410774	0
17	1389	28.047509410774	1
17	1390	28.047509410774	0
17	1447	29.182974844391	1
17	1448	29.182974844391	0
17	1483	30.20440671874	1
17	1484	30.20440671874	0
17	1506	31.20440671874	1
17	1507	31.20440671874	0
17	1578	33.971148391769	1
17	1579	33.971148391769	0
17	1617	34.971148391769	1
17	1618	34.971148391769	0
17	1662	36.101097919552	1
17	1663	36.101097919552	0
17	1699	37.101097919552	1
17	1700	37.101097919552	0
17	1730	38.101097919552	1
17	1731	38.101097919552	0
17	1758	39.101097919552	1
17	1759	39.101097919552	0
17	1792	40.101097919552	1
17	1793	40.101097919552	0
17	1829	41.101097919552	1
17	1830	41.101097919552	0
17	1863	42.101097919552	1
17	1864	42.101097919552	0
17	1900	43.101097919552	1
17	1901	43.101097919552	0
17	1931	44.101097919552	1
17	1932	44.101097919552	0
17	1962	45.101097919552	1
17	1963	45.101097919552	0
17	1993	46.101097919552	1
17	1994	46.101097919552	0
17	2029	47.101097919552	1
17	2030	47.101097919552	0
17	2091	48.540707172454	1
17	2092	48.540707172454	0
17	2128	49.540707172454	1
17	2129	49.540707172454	0
17	2162	50.540707172454	1
17	2163	50.540707172454	0
17	2193	51.540707172454	1
17	2194	51.540707172454	0
17	2221	52.540707172454	1
17	2222	52.540707172454	0
17	2249	53.540707172454	1
17	2250	53.540707172454	0
17	2289	54.540707172454	1
17	2290	54.540707172454	0
17	2326	55.540707172454	1
17	2327	55.540707172454	0
17	2354	56.540707172454	1
17	2355	56.540707172454	0
17	2388	57.540707172454	1
17	2389	57.540707172454	0
17	2422	58.540707172454	1
17	2423	58.540707172454	0
17	2456	59.540707172454	1
17	2457	59.540707172454	0
17	2487	60.540707172454	1
17	2488	60.540707172454	0
17	2526	61.540707172454	1
17	2527	61.540707172454	0
17	2574	62.632680586152	1
17	2575	62.632680586152	0
17	2602	63.632680586152	1
17	2603	63.632680586152	0
17	2636	64.632680586152	1
17	2637	64.632680586152	0
17	2667	65.632680586152	1
17	2668	65.632680586152	0
17	2704	66.632680586152	1
17	2705	66.632680586152	0
17	2738	67.632680586152	1
17	2739	67.632680586152	0
17	2775	68.632680586152	1
17	2776	68.632680586152	0
17	2803	69.632680586152	1
17	2804	69.632680586152	0
17	2831	70.632680586152	1
17	2832	70.632680586152	0
17	2859	71.632680586152	1
17	2860	71.632680586152	0
17	2889	72.632680586152	1
17	2890	72.632680586152	0
17	2951	74.293319858336	1
17	2952	74.293319858336	0
17	2979	75.293319858336	1
17	2980	75.293319858336	0
17	3005	76.293319858336	1
17	3006	76.293319858336	0
17	3100	79.400167332569	1
17	3101	79.400167332569	0
17	3128	80.400167332569	1
17	3129	80.400167332569	0
17	3162	81.400167332569	1
17	3163	81.400167332569	0
17	3196	82.400167332569	1
17	3197	82.400167332569	0
17	3230	83.400167332569	1
17	3231	83.400167332569	0
17	3261	84.400167332569	1
17	3262	84.400167332569	0
17	3295	85.400167332569	1
17	3296	85.400167332569	0
17	3332	86.400167332569	1
17	3333	86.400167332569	0
17	3366	87.400167332569	1
17	3367	87.400167332569	0
17	3400	88.400167332569	1
17	3401	88.400167332569	0
17	3428	89.400167332569	1
17	3429	89.400167332569	0
17	3465	90.400167332569	1
17	3466	90.400167332569	0
17	3505	91.400167332569	1
17	3506	91.400167332569	0
17	3536	92.400167332569	1
17	3537	92.400167332569	0
17	3570	93.400167332569	1
17	3571	93.400167332569	0
17	3604	94.400167332569	1
17	3605	94.400167332569	0
17	3635	95.400167332569	1
17	3636	95.400167332569	0
17	3675	96.400167332569	1
17	3676	96.400167332569	0
17	3718	97.400167332569	1
17	3719	97.400167332569	0
17	3755	98.400167332569	1
17	3756	98.400167332569	0
17	3789	99.400167332569	1
17	3790	99.400167332569	0
17	3823	100.400167332569	1
17	3824	100.400167332569	0
17	3860	101.400167332569	1
17	3861	101.400167332569	0
17	3894	102.400167332569	1
17	3895	102.400167332569	0
17	3925	103.400167332569	1
17	3926	103.400167332569	0
17	3959	104.400167332569	1
17	3960	104.400167332569	0
17	3993	105.400167332569	1
17	3994	105.400167332569	0
17	4024	106.400167332569	1
17	4025	106.400167332569	0
17	4061	107.400167332569	1
17	4062	107.400167332569	0
17	4089	108.400167332569	1
17	4090	108.400167332569	0
17	4120	109.400167332569	1
17	4121	109.400167332569	0
17	4154	110.400167332569	1
17	4155	110.400167332569	0
17	4188	111.400167332569	1
17	4189	111.400167332569	0
17	4216	112.400167332569	1
17	4217	112.400167332569	0
17	4247	113.400167332569	1
17	4248	113.400167332569	0
17	4281	114.400167332569	1
17	4282	114.400167332569	0
17	4315	115.400167332569	1
17	4316	115.400167332569	0
17	4346	116.400167332569	1
17	4347	116.400167332569	0
17	4383	117.400167332569	1
17	4384	117.400167332569	0
17	4417	118.400167332569	1
17	4418	118.400167332569	0
17	4454	119.400167332569	1
17	4455	119.400167332569	0
17	4482	120.400167332569	1
17	4483	120.400167332569	0
17	4513	121.400167332569	1
17	4514	121.400167332569	0
17	4544	122.400167332569	1
17	4545	122.400167332569	0
17	4578	123.400167332569	1
17	4579	123.400167332569	0
17	4612	124.400167332569	1
17	4613	124.400167332569	0
17	4649	125.400167332569	1
17	4650	125.400167332569	0
17	4677	126.400167332569	1
17	4678	126.400167332569	0
17	4711	127.400167332569	1
17	4712	127.400167332569	0
17	4741	128.400167332569	1
17	4742	128.400167332569	0
17	4795	129.649252527223	1
17	4796	129.649252527223	0
17	4826	130.649252527223	1
17	4827	130.649252527223	0
17	4863	131.649252527223	1
17	4864	131.649252527223	0
17	4897	132.649252527223	1
17	4898	132.649252527223	0
17	4940	133.649252527223	1
17	4941	133.649252527223	0
17	4974	134.649252527223	1
17	4975	134.649252527223	0
17	5014	135.649252527223	1
17	5015	135.649252527223	0
17	5048	136.649252527223	1
17	5049	136.649252527223	0
17	5079	137.649252527223	1
17	5080	137.649252527223	0
17	5113	138.649252527223	1
17	5114	138.649252527223	0
17	5144	139.649252527223	1
17	5145	139.649252527223	0
17	5184	140.649252527223	1
17	5185	140.649252527223	0
17	5218	141.649252527223	1
17	5219	141.649252527223	0
17	5246	142.649252527223	1
17	5247	142.649252527223	0
17	5280	143.649252527223	1
17	5281	143.649252527223	0
17	5308	144.649252527223	1
17	5309	144.649252527223	0
17	5342	145.649252527223	1
17	5343	145.649252527223	0
17	5385	146.649252527223	1
17	5386	146.649252527223	0
17	5416	147.649252527223	1
17	5417	147.649252527223	0
17	5447	148.649252527223	1
17	5448	148.649252527223	0
17	5481	149.649252527223	1
17	5482	149.649252527223	0
17	5509	150.649252527223	1
17	5510	150.649252527223	0
17	5543	151.649252527223	1
17	5544	151.649252527223	0
17	5571	152.649252527223	1
17	5572	152.649252527223	0
17	5602	153.649252527223	1
17	5603	153.649252527223	0
17	5630	154.649252527223	1
17	5631	154.649252527223	0
17	5664	155.649252527223	1
17	5665	155.649252527223	0
17	5704	156.649252527223	1
17	5705	156.649252527223	0
17	5738	157.649252527223	1
17	5739	157.649252527223	0
17	5772	158.649252527223	1
17	5773	158.649252527223	0
17	5800	159.649252527223	1
17	5801	159.649252527223	0
17	5834	160.649252527223	1
17	5835	160.649252527223	0
17	5880	161.649252527223	1
17	5881	161.649252527223	0
17	5911	162.649252527223	1
17	5912	162.649252527223	0
17	5945	163.649252527223	1
17	5946	163.649252527223	0
17	5976	164.649252527223	1
17	5977	164.649252527223	0
17	6013	165.649252527223	1
17	6014	165.649252527223	0
17	6044	166.649252527223	1
17	6045	166.649252527223	0
17	6078	167.649252527223	1
17	6079	167.649252527223	0
17	6106	168.649252527223	1
17	6107	168.649252527223	0
17	6146	169.649252527223	1
17	6147	169.649252527223	0
17	6177	170.649252527223	1
17	6178	170.649252527223	0
17	6208	171.649252527223	1
17	6209	171.649252527223	0
17	6239	172.649252527223	1
17	6240	172.649252527223	0
17	6276	173.649252527223	1
17	6277	173.649252527223	0
17	6319	174.649252527223	1
17	6320	174.649252527223	0
17	6362	175.649252527223	1
17	6363	175.649252527223	0
17	6396	176.649252527223	1
17	6397	176.649252527223	0
17	6427	177.649252527223	1
17	6428	177.649252527223	0
17	6458	178.649252527223	1
17	6459	178.649252527223	0
17	6486	179.649252527223	1
17	6487	179.649252527223	0
17	6523	180.649252527223	1
17	6524	180.649252527223	0
17	6557	181.649252527223	1
17	6558	181.649252527223	0
17	6594	182.649252527223	1
17	6595	182.649252527223	0
17	6631	183.649252527223	1
17	6632	183.649252527223	0
17	6665	184.649252527223	1
17	6666	184.649252527223	0
17	6696	185.649252527223	1
17	6697	185.649252527223	0
17	6724	186.649252527223	1
17	6725	186.649252527223	0
17	6755	187.649252527223	1
17	6756	187.649252527223	0
17	6786	188.649252527223	1
17	6787	188.649252527223	0
17	6820	189.649252527223	1
17	6821	189.649252527223	0
17	6854	190.649252527223	1
17	6855	190.649252527223	0
17	6885	191.649252527223	1
17	6886	191.649252527223	0
17	6919	192.649252527223	1
17	6920	192.649252527223	0
17	6953	193.649252527223	1
17	6954	193.649252527223	0
17	6984	194.649252527223	1
17	6985	194.649252527223	0
17	7027	195.649252527223	1
17	7028	195.649252527223	0
17	7061	196.649252527223	1
17	7062	196.649252527223	0
17	7092	197.649252527223	1
17	7093	197.649252527223	0
17	7122	198.649252527223	1
17	7123	198.649252527223	0
18	11	0	1
18	27	0	0
18	93	0.0011	1
18	109	0.0011	0
18	175	0.0022	1
18	191	0.0022	0
18	241	0.0033	1
18	257	0.0033	0
18	323	0.0044	1
18	339	0.0044	0
18	405	0.0055	1
18	421	0.0055	0
18	487	0.0066	1
18	503	0.0066	0
18	569	0.0077	1
18	585	0.0077	0
19	12	0	1
19	28	0	0
19	90	0.0011	1
19	106	0.0011	0
19	168	0.0022	1
19	184	0.0022	0
19	246	0.0033	1
19	262	0.0033	0
19	324	0.0044	1
19	340	0.0044	0
19	402	0.0055	1
19	418	0.0055	0
19	496	0.0066	1
19	512	0.0066	0
19	574	0.0077	1
19	590	0.0077	0
20	13	0	1
20	29	0	0
20	95	0.0011	1
20	111	0.0011	0
20	161	0.0022	1
20	177	0.0022	0
20	243	0.0033	1
20	259	0.0033	0
20	325	0.0044	1
20	341	0.0044	0
20	407	0.0055	1
20	423	0.0055	0
20	489	0.0066	1
20	505	0.0066	0
20	571	0.0077	1
20	587	0.0077	0
20	673	2.898760388484	1
20	674	2.898760388484	0
20	693	3.898760388484	1
20	694	3.898760388484	0
20	743	5.773528855839	1
20	744	5.773528855839	0
20	780	6.773528855839	1
20	781	6.773528855839	0
20	808	7.773528855839	1
20	809	7.773528855839	0
20	838	8.773528855839	1
20	839	8.773528855839	0
20	867	9.773528855839	1
20	868	9.773528855839	0
20	894	10.773528855839	1
20	895	10.773528855839	0
20	924	11.773528855839	1
20	925	11.773528855839	0
20	972	13.082064138406	1
20	973	13.082064138406	0
20	997	14.082064138406	1
20	998	14.082064138406	0
20	1033	15.082064138406	1
20	1034	15.082064138406	0
20	1095	16.482540368894	1
20	1096	16.482540368894	0
20	1120	17.482540368894	1
20	1121	17.482540368894	0
20	1151	18.482540368894	1
20	1152	18.482540368894	0
20	1188	19.482540368894	1
20	1189	19.482540368894	0
20	1216	20.482540368894	1
20	1217	20.482540368894	0
20	1246	21.482540368894	1
20	1247	21.482540368894	0
20	1285	23.294639399622	1
20	1286	23.294639399622	0
20	1304	24.294639399622	1
20	1305	24.294639399622	0
20	1333	25.541588129362	1
20	1334	25.541588129362	0
20	1379	27.155590204255	1
20	1380	27.155590204255	0
20	1403	28.155590204255	1
20	1404	28.155590204255	0
20	1439	29.155590204255	1
20	1440	29.155590204255	0
20	1466	30.155590204255	1
20	1467	30.155590204255	0
20	1497	31.155590204255	1
20	1498	31.155590204255	0
20	1530	32.155590204255	1
20	1531	32.155590204255	0
20	1565	33.155590204255	1
20	1566	33.155590204255	0
20	1596	34.155590204255	1
20	1597	34.155590204255	0
20	1636	35.155590204255	1
20	1637	35.155590204255	0
20	1676	36.155590204255	1
20	1677	36.155590204255	0
20	1713	37.155590204255	1
20	1714	37.155590204255	0
20	1744	38.155590204255	1
20	1745	38.155590204255	0
20	1772	39.155590204255	1
20	1773	39.155590204255	0
20	1806	40.155590204255	1
20	1807	40.155590204255	0
20	1843	41.155590204255	1
20	1844	41.155590204255	0
20	1877	42.155590204255	1
20	1878	42.155590204255	0
20	1914	43.155590204255	1
20	1915	43.155590204255	0
20	1945	44.155590204255	1
20	1946	44.155590204255	0
20	1976	45.155590204255	1
20	1977	45.155590204255	0
20	2007	46.155590204255	1
20	2008	46.155590204255	0
20	2046	47.155590204255	1
20	2047	47.155590204255	0
20	2075	48.155590204255	1
20	2076	48.155590204255	0
20	2114	49.155590204255	1
20	2115	49.155590204255	0
20	2148	50.155590204255	1
20	2149	50.155590204255	0
20	2179	51.155590204255	1
20	2180	51.155590204255	0
20	2207	52.155590204255	1
20	2208	52.155590204255	0
20	2235	53.155590204255	1
20	2236	53.155590204255	0
20	2269	54.155590204255	1
20	2270	54.155590204255	0
20	2306	55.155590204255	1
20	2307	55.155590204255	0
20	2340	56.155590204255	1
20	2341	56.155590204255	0
20	2371	57.155590204255	1
20	2372	57.155590204255	0
20	2405	58.155590204255	1
20	2406	58.155590204255	0
20	2439	59.155590204255	1
20	2440	59.155590204255	0
20	2473	60.155590204255	1
20	2474	60.155590204255	0
20	2514	61.155590204255	1
20	2515	61.155590204255	0
20	2548	62.155590204255	1
20	2549	62.155590204255	0
20	2588	63.155590204255	1
20	2589	63.155590204255	0
20	2619	64.155590204255	1
20	2620	64.155590204255	0
20	2650	65.155590204255	1
20	2651	65.155590204255	0
20	2690	66.155590204255	1
20	2691	66.155590204255	0
20	2721	67.155590204255	1
20	2722	67.155590204255	0
20	2752	68.155590204255	1
20	2753	68.155590204255	0
20	2789	69.155590204255	1
20	2790	69.155590204255	0
20	2817	70.155590204255	1
20	2818	70.155590204255	0
20	2845	71.155590204255	1
20	2846	71.155590204255	0
20	2876	72.155590204255	1
20	2877	72.155590204255	0
20	2906	73.155590204255	1
20	2907	73.155590204255	0
20	2938	74.155590204255	1
20	2939	74.155590204255	0
20	2965	75.155590204255	1
20	2966	75.155590204255	0
20	2996	76.155590204255	1
20	2997	76.155590204255	0
20	3028	77.155590204255	1
20	3029	77.155590204255	0
20	3059	78.155590204255	1
20	3060	78.155590204255	0
20	3084	79.155590204255	1
20	3085	79.155590204255	0
20	3114	80.155590204255	1
20	3115	80.155590204255	0
20	3148	81.155590204255	1
20	3149	81.155590204255	0
20	3182	82.155590204255	1
20	3183	82.155590204255	0
20	3213	83.155590204255	1
20	3214	83.155590204255	0
20	3247	84.155590204255	1
20	3248	84.155590204255	0
20	3281	85.155590204255	1
20	3282	85.155590204255	0
20	3318	86.155590204255	1
20	3319	86.155590204255	0
20	3349	87.155590204255	1
20	3350	87.155590204255	0
20	3386	88.155590204255	1
20	3387	88.155590204255	0
20	3414	89.155590204255	1
20	3415	89.155590204255	0
20	3451	90.155590204255	1
20	3452	90.155590204255	0
20	3485	91.155590204255	1
20	3486	91.155590204255	0
20	3519	92.155590204255	1
20	3520	92.155590204255	0
20	3556	93.155590204255	1
20	3557	93.155590204255	0
20	3587	94.155590204255	1
20	3588	94.155590204255	0
20	3618	95.155590204255	1
20	3619	95.155590204255	0
20	3661	96.155590204255	1
20	3662	96.155590204255	0
20	3698	97.155590204255	1
20	3699	97.155590204255	0
20	3741	98.155590204255	1
20	3742	98.155590204255	0
20	3775	99.155590204255	1
20	3776	99.155590204255	0
20	3809	100.155590204255	1
20	3810	100.155590204255	0
20	3846	101.155590204255	1
20	3847	101.155590204255	0
20	3880	102.155590204255	1
20	3881	102.155590204255	0
20	3908	103.155590204255	1
20	3909	103.155590204255	0
20	3939	104.155590204255	1
20	3940	104.155590204255	0
20	3976	105.155590204255	1
20	3977	105.155590204255	0
20	4010	106.155590204255	1
20	4011	106.155590204255	0
20	4044	107.155590204255	1
20	4045	107.155590204255	0
20	4075	108.155590204255	1
20	4076	108.155590204255	0
20	4103	109.155590204255	1
20	4104	109.155590204255	0
20	4134	110.155590204255	1
20	4135	110.155590204255	0
20	4174	111.155590204255	1
20	4175	111.155590204255	0
20	4202	112.155590204255	1
20	4203	112.155590204255	0
20	4233	113.155590204255	1
20	4234	113.155590204255	0
20	4267	114.155590204255	1
20	4268	114.155590204255	0
20	4301	115.155590204255	1
20	4302	115.155590204255	0
20	4332	116.155590204255	1
20	4333	116.155590204255	0
20	4369	117.155590204255	1
20	4370	117.155590204255	0
20	4403	118.155590204255	1
20	4404	118.155590204255	0
20	4437	119.155590204255	1
20	4438	119.155590204255	0
20	4468	120.155590204255	1
20	4469	120.155590204255	0
20	4496	121.155590204255	1
20	4497	121.155590204255	0
20	4527	122.155590204255	1
20	4528	122.155590204255	0
20	4561	123.155590204255	1
20	4562	123.155590204255	0
20	4595	124.155590204255	1
20	4596	124.155590204255	0
20	4632	125.155590204255	1
20	4633	125.155590204255	0
20	4663	126.155590204255	1
20	4664	126.155590204255	0
20	4697	127.155590204255	1
20	4698	127.155590204255	0
20	4732	128.155590204255	1
20	4733	128.155590204255	0
20	4772	129.155590204255	1
20	4773	129.155590204255	0
20	4806	130.155590204255	1
20	4807	130.155590204255	0
20	4846	131.155590204255	1
20	4847	131.155590204255	0
20	4880	132.155590204255	1
20	4881	132.155590204255	0
20	4920	133.155590204255	1
20	4921	133.155590204255	0
20	4954	134.155590204255	1
20	4955	134.155590204255	0
20	4991	135.155590204255	1
20	4992	135.155590204255	0
20	5028	136.155590204255	1
20	5029	136.155590204255	0
20	5062	137.155590204255	1
20	5063	137.155590204255	0
20	5096	138.155590204255	1
20	5097	138.155590204255	0
20	5130	139.155590204255	1
20	5131	139.155590204255	0
20	5164	140.155590204255	1
20	5165	140.155590204255	0
20	5204	141.155590204255	1
20	5205	141.155590204255	0
20	5232	142.155590204255	1
20	5233	142.155590204255	0
20	5260	143.155590204255	1
20	5261	143.155590204255	0
20	5294	144.155590204255	1
20	5295	144.155590204255	0
20	5325	145.155590204255	1
20	5326	145.155590204255	0
20	5359	146.155590204255	1
20	5360	146.155590204255	0
20	5402	147.155590204255	1
20	5403	147.155590204255	0
20	5430	148.155590204255	1
20	5431	148.155590204255	0
20	5467	149.155590204255	1
20	5468	149.155590204255	0
20	5495	150.155590204255	1
20	5496	150.155590204255	0
20	5529	151.155590204255	1
20	5530	151.155590204255	0
20	5557	152.155590204255	1
20	5558	152.155590204255	0
20	5585	153.155590204255	1
20	5586	153.155590204255	0
20	5616	154.155590204255	1
20	5617	154.155590204255	0
20	5644	155.155590204255	1
20	5645	155.155590204255	0
20	5684	156.155590204255	1
20	5685	156.155590204255	0
20	5724	157.155590204255	1
20	5725	157.155590204255	0
20	5752	158.155590204255	1
20	5753	158.155590204255	0
20	5786	159.155590204255	1
20	5787	159.155590204255	0
20	5814	160.155590204255	1
20	5815	160.155590204255	0
20	5860	161.155590204255	1
20	5861	161.155590204255	0
20	5894	162.155590204255	1
20	5895	162.155590204255	0
20	5928	163.155590204255	1
20	5929	163.155590204255	0
20	5959	164.155590204255	1
20	5960	164.155590204255	0
20	5990	165.155590204255	1
20	5991	165.155590204255	0
20	6030	166.155590204255	1
20	6031	166.155590204255	0
20	6058	167.155590204255	1
20	6059	167.155590204255	0
20	6092	168.155590204255	1
20	6093	168.155590204255	0
20	6120	169.155590204255	1
20	6121	169.155590204255	0
20	6163	170.155590204255	1
20	6164	170.155590204255	0
20	6194	171.155590204255	1
20	6195	171.155590204255	0
20	6222	172.155590204255	1
20	6223	172.155590204255	0
20	6259	173.155590204255	1
20	6260	173.155590204255	0
20	6293	174.155590204255	1
20	6294	174.155590204255	0
20	6345	175.155590204255	1
20	6346	175.155590204255	0
20	6379	176.155590204255	1
20	6380	176.155590204255	0
20	6413	177.155590204255	1
20	6414	177.155590204255	0
20	6444	178.155590204255	1
20	6445	178.155590204255	0
20	6472	179.155590204255	1
20	6473	179.155590204255	0
20	6503	180.155590204255	1
20	6504	180.155590204255	0
20	6537	181.155590204255	1
20	6538	181.155590204255	0
20	6577	182.155590204255	1
20	6578	182.155590204255	0
20	6614	183.155590204255	1
20	6615	183.155590204255	0
20	6648	184.155590204255	1
20	6649	184.155590204255	0
20	6682	185.155590204255	1
20	6683	185.155590204255	0
20	6710	186.155590204255	1
20	6711	186.155590204255	0
20	6738	187.155590204255	1
20	6739	187.155590204255	0
20	6772	188.155590204255	1
20	6773	188.155590204255	0
20	6806	189.155590204255	1
20	6807	189.155590204255	0
20	6840	190.155590204255	1
20	6841	190.155590204255	0
20	6871	191.155590204255	1
20	6872	191.155590204255	0
20	6902	192.155590204255	1
20	6903	192.155590204255	0
20	6933	193.155590204255	1
20	6934	193.155590204255	0
20	6967	194.155590204255	1
20	6968	194.155590204255	0
20	7004	195.155590204255	1
20	7005	195.155590204255	0
20	7047	196.155590204255	1
20	7048	196.155590204255	0
20	7078	197.155590204255	1
20	7079	197.155590204255	0
20	7109	198.155590204255	1
20	7110	198.155590204255	0
20	7139	199.155590204255	1
20	7140	199.155590204255	0
21	14	0	1
21	30	0	0
21	92	0.0011	1
21	108	0.0011	0
21	170	0.0022	1
21	186	0.0022	0
21	248	0.0033	1
21	264	0.0033	0
21	326	0.0044	1
21	342	0.0044	0
21	404	0.0055	1
21	420	0.0055	0
21	482	0.0066	1
21	498	0.0066	0
21	576	0.0077	1
21	592	0.0077	0
22	15	0	1
22	31	0	0
22	81	0.0011	1
22	97	0.0011	0
22	163	0.0022	1
22	179	0.0022	0
22	245	0.0033	1
22	261	0.0033	0
22	327	0.0044	1
22	343	0.0044	0
22	409	0.0055	1
22	425	0.0055	0
22	491	0.0066	1
22	507	0.0066	0
22	573	0.0077	1
22	589	0.0077	0
22	655	1.898660388484	1
22	656	1.898660388484	0
22	669	2.898660388484	1
22	670	2.898660388484	0
22	708	4.773428855839	1
22	709	4.773428855839	0
22	739	5.773428855839	1
22	740	5.773428855839	0
22	775	6.773428855839	1
22	776	6.773428855839	0
22	803	7.773428855839	1
22	804	7.773428855839	0
22	833	8.773428855839	1
22	834	8.773428855839	0
22	862	9.773428855839	1
22	863	9.773428855839	0
22	889	10.773428855839	1
22	890	10.773428855839	0
22	935	12.081964138406	1
22	936	12.081964138406	0
22	968	13.081964138406	1
22	969	13.081964138406	0
22	992	14.081964138406	1
22	993	14.081964138406	0
22	1061	15.482440368894	1
22	1062	15.482440368894	0
22	1091	16.482440368894	1
22	1092	16.482440368894	0
22	1115	17.482440368894	1
22	1116	17.482440368894	0
22	1146	18.482440368894	1
22	1147	18.482440368894	0
22	1183	19.482440368894	1
22	1184	19.482440368894	0
22	1211	20.482440368894	1
22	1212	20.482440368894	0
22	1257	22.294539399622	1
22	1258	22.294539399622	0
22	1281	23.294539399622	1
22	1282	23.294539399622	0
22	1316	24.541488129362	1
22	1317	24.541488129362	0
22	1349	26.155490204255	1
22	1350	26.155490204255	0
22	1375	27.155490204255	1
22	1376	27.155490204255	0
22	1398	28.155490204255	1
22	1399	28.155490204255	0
22	1434	29.155490204255	1
22	1435	29.155490204255	0
22	1461	30.155490204255	1
22	1462	30.155490204255	0
22	1492	31.155490204255	1
22	1493	31.155490204255	0
22	1525	32.155490204255	1
22	1526	32.155490204255	0
22	1560	33.155490204255	1
22	1561	33.155490204255	0
22	1591	34.155490204255	1
22	1592	34.155490204255	0
22	1631	35.155490204255	1
22	1632	35.155490204255	0
22	1671	36.155490204255	1
22	1672	36.155490204255	0
22	1708	37.155490204255	1
22	1709	37.155490204255	0
22	1739	38.155490204255	1
22	1740	38.155490204255	0
22	1767	39.155490204255	1
22	1768	39.155490204255	0
22	1801	40.155490204255	1
22	1802	40.155490204255	0
22	1838	41.155490204255	1
22	1839	41.155490204255	0
22	1872	42.155490204255	1
22	1873	42.155490204255	0
22	1909	43.155490204255	1
22	1910	43.155490204255	0
22	1940	44.155490204255	1
22	1941	44.155490204255	0
22	1971	45.155490204255	1
22	1972	45.155490204255	0
22	2002	46.155490204255	1
22	2003	46.155490204255	0
22	2041	47.155490204255	1
22	2042	47.155490204255	0
22	2070	48.155490204255	1
22	2071	48.155490204255	0
22	2109	49.155490204255	1
22	2110	49.155490204255	0
22	2143	50.155490204255	1
22	2144	50.155490204255	0
22	2174	51.155490204255	1
22	2175	51.155490204255	0
22	2202	52.155490204255	1
22	2203	52.155490204255	0
22	2230	53.155490204255	1
22	2231	53.155490204255	0
22	2264	54.155490204255	1
22	2265	54.155490204255	0
22	2301	55.155490204255	1
22	2302	55.155490204255	0
22	2335	56.155490204255	1
22	2336	56.155490204255	0
22	2366	57.155490204255	1
22	2367	57.155490204255	0
22	2400	58.155490204255	1
22	2401	58.155490204255	0
22	2434	59.155490204255	1
22	2435	59.155490204255	0
22	2468	60.155490204255	1
22	2469	60.155490204255	0
22	2509	61.155490204255	1
22	2510	61.155490204255	0
22	2543	62.155490204255	1
22	2544	62.155490204255	0
22	2583	63.155490204255	1
22	2584	63.155490204255	0
22	2614	64.155490204255	1
22	2615	64.155490204255	0
22	2645	65.155490204255	1
22	2646	65.155490204255	0
22	2685	66.155490204255	1
22	2686	66.155490204255	0
22	2716	67.155490204255	1
22	2717	67.155490204255	0
22	2747	68.155490204255	1
22	2748	68.155490204255	0
22	2784	69.155490204255	1
22	2785	69.155490204255	0
22	2812	70.155490204255	1
22	2813	70.155490204255	0
22	2840	71.155490204255	1
22	2841	71.155490204255	0
22	2871	72.155490204255	1
22	2872	72.155490204255	0
22	2901	73.155490204255	1
22	2902	73.155490204255	0
22	2933	74.155490204255	1
22	2934	74.155490204255	0
22	2960	75.155490204255	1
22	2961	75.155490204255	0
22	2991	76.155490204255	1
22	2992	76.155490204255	0
22	3023	77.155490204255	1
22	3024	77.155490204255	0
22	3054	78.155490204255	1
22	3055	78.155490204255	0
22	3079	79.155490204255	1
22	3080	79.155490204255	0
22	3109	80.155490204255	1
22	3110	80.155490204255	0
22	3143	81.155490204255	1
22	3144	81.155490204255	0
22	3177	82.155490204255	1
22	3178	82.155490204255	0
22	3208	83.155490204255	1
22	3209	83.155490204255	0
22	3242	84.155490204255	1
22	3243	84.155490204255	0
22	3276	85.155490204255	1
22	3277	85.155490204255	0
22	3313	86.155490204255	1
22	3314	86.155490204255	0
22	3344	87.155490204255	1
22	3345	87.155490204255	0
22	3381	88.155490204255	1
22	3382	88.155490204255	0
22	3409	89.155490204255	1
22	3410	89.155490204255	0
22	3446	90.155490204255	1
22	3447	90.155490204255	0
22	3480	91.155490204255	1
22	3481	91.155490204255	0
22	3514	92.155490204255	1
22	3515	92.155490204255	0
22	3551	93.155490204255	1
22	3552	93.155490204255	0
22	3582	94.155490204255	1
22	3583	94.155490204255	0
22	3613	95.155490204255	1
22	3614	95.155490204255	0
22	3656	96.155490204255	1
22	3657	96.155490204255	0
22	3693	97.155490204255	1
22	3694	97.155490204255	0
22	3736	98.155490204255	1
22	3737	98.155490204255	0
22	3770	99.155490204255	1
22	3771	99.155490204255	0
22	3804	100.155490204255	1
22	3805	100.155490204255	0
22	3841	101.155490204255	1
22	3842	101.155490204255	0
22	3875	102.155490204255	1
22	3876	102.155490204255	0
22	3903	103.155490204255	1
22	3904	103.155490204255	0
22	3934	104.155490204255	1
22	3935	104.155490204255	0
22	3971	105.155490204255	1
22	3972	105.155490204255	0
22	4005	106.155490204255	1
22	4006	106.155490204255	0
22	4039	107.155490204255	1
22	4040	107.155490204255	0
22	4070	108.155490204255	1
22	4071	108.155490204255	0
22	4098	109.155490204255	1
22	4099	109.155490204255	0
22	4129	110.155490204255	1
22	4130	110.155490204255	0
22	4169	111.155490204255	1
22	4170	111.155490204255	0
22	4197	112.155490204255	1
22	4198	112.155490204255	0
22	4228	113.155490204255	1
22	4229	113.155490204255	0
22	4262	114.155490204255	1
22	4263	114.155490204255	0
22	4296	115.155490204255	1
22	4297	115.155490204255	0
22	4327	116.155490204255	1
22	4328	116.155490204255	0
22	4364	117.155490204255	1
22	4365	117.155490204255	0
22	4398	118.155490204255	1
22	4399	118.155490204255	0
22	4432	119.155490204255	1
22	4433	119.155490204255	0
22	4463	120.155490204255	1
22	4464	120.155490204255	0
22	4491	121.155490204255	1
22	4492	121.155490204255	0
22	4522	122.155490204255	1
22	4523	122.155490204255	0
22	4556	123.155490204255	1
22	4557	123.155490204255	0
22	4590	124.155490204255	1
22	4591	124.155490204255	0
22	4627	125.155490204255	1
22	4628	125.155490204255	0
22	4658	126.155490204255	1
22	4659	126.155490204255	0
22	4692	127.155490204255	1
22	4693	127.155490204255	0
22	4727	128.155490204255	1
22	4728	128.155490204255	0
22	4767	129.155490204255	1
22	4768	129.155490204255	0
22	4801	130.155490204255	1
22	4802	130.155490204255	0
22	4841	131.155490204255	1
22	4842	131.155490204255	0
22	4875	132.155490204255	1
22	4876	132.155490204255	0
22	4915	133.155490204255	1
22	4916	133.155490204255	0
22	4949	134.155490204255	1
22	4950	134.155490204255	0
22	4986	135.155490204255	1
22	4987	135.155490204255	0
22	5023	136.155490204255	1
22	5024	136.155490204255	0
22	5057	137.155490204255	1
22	5058	137.155490204255	0
22	5091	138.155490204255	1
22	5092	138.155490204255	0
22	5125	139.155490204255	1
22	5126	139.155490204255	0
22	5159	140.155490204255	1
22	5160	140.155490204255	0
22	5199	141.155490204255	1
22	5200	141.155490204255	0
22	5227	142.155490204255	1
22	5228	142.155490204255	0
22	5255	143.155490204255	1
22	5256	143.155490204255	0
22	5289	144.155490204255	1
22	5290	144.155490204255	0
22	5320	145.155490204255	1
22	5321	145.155490204255	0
22	5354	146.155490204255	1
22	5355	146.155490204255	0
22	5397	147.155490204255	1
22	5398	147.155490204255	0
22	5425	148.155490204255	1
22	5426	148.155490204255	0
22	5462	149.155490204255	1
22	5463	149.155490204255	0
22	5490	150.155490204255	1
22	5491	150.155490204255	0
22	5524	151.155490204255	1
22	5525	151.155490204255	0
22	5552	152.155490204255	1
22	5553	152.155490204255	0
22	5580	153.155490204255	1
22	5581	153.155490204255	0
22	5611	154.155490204255	1
22	5612	154.155490204255	0
22	5639	155.155490204255	1
22	5640	155.155490204255	0
22	5679	156.155490204255	1
22	5680	156.155490204255	0
22	5719	157.155490204255	1
22	5720	157.155490204255	0
22	5747	158.155490204255	1
22	5748	158.155490204255	0
22	5781	159.155490204255	1
22	5782	159.155490204255	0
22	5809	160.155490204255	1
22	5810	160.155490204255	0
22	5855	161.155490204255	1
22	5856	161.155490204255	0
22	5889	162.155490204255	1
22	5890	162.155490204255	0
22	5923	163.155490204255	1
22	5924	163.155490204255	0
22	5954	164.155490204255	1
22	5955	164.155490204255	0
22	5985	165.155490204255	1
22	5986	165.155490204255	0
22	6025	166.155490204255	1
22	6026	166.155490204255	0
22	6053	167.155490204255	1
22	6054	167.155490204255	0
22	6087	168.155490204255	1
22	6088	168.155490204255	0
22	6115	169.155490204255	1
22	6116	169.155490204255	0
22	6158	170.155490204255	1
22	6159	170.155490204255	0
22	6189	171.155490204255	1
22	6190	171.155490204255	0
22	6217	172.155490204255	1
22	6218	172.155490204255	0
22	6254	173.155490204255	1
22	6255	173.155490204255	0
22	6288	174.155490204255	1
22	6289	174.155490204255	0
22	6340	175.155490204255	1
22	6341	175.155490204255	0
22	6374	176.155490204255	1
22	6375	176.155490204255	0
22	6408	177.155490204255	1
22	6409	177.155490204255	0
22	6439	178.155490204255	1
22	6440	178.155490204255	0
22	6467	179.155490204255	1
22	6468	179.155490204255	0
22	6498	180.155490204255	1
22	6499	180.155490204255	0
22	6532	181.155490204255	1
22	6533	181.155490204255	0
22	6572	182.155490204255	1
22	6573	182.155490204255	0
22	6609	183.155490204255	1
22	6610	183.155490204255	0
22	6643	184.155490204255	1
22	6644	184.155490204255	0
22	6677	185.155490204255	1
22	6678	185.155490204255	0
22	6705	186.155490204255	1
22	6706	186.155490204255	0
22	6733	187.155490204255	1
22	6734	187.155490204255	0
22	6767	188.155490204255	1
22	6768	188.155490204255	0
22	6801	189.155490204255	1
22	6802	189.155490204255	0
22	6835	190.155490204255	1
22	6836	190.155490204255	0
22	6866	191.155490204255	1
22	6867	191.155490204255	0
22	6897	192.155490204255	1
22	6898	192.155490204255	0
22	6928	193.155490204255	1
22	6929	193.155490204255	0
22	6962	194.155490204255	1
22	6963	194.155490204255	0
22	6999	195.155490204255	1
22	7000	195.155490204255	0
22	7042	196.155490204255	1
22	7043	196.155490204255	0
22	7073	197.155490204255	1
22	7074	197.155490204255	0
22	7104	198.155490204255	1
22	7105	198.155490204255	0
22	7134	199.155490204255	1
22	7135	199.155490204255	0
23	16	0	1
23	32	0	0
23	94	0.0011	1
23	110	0.0011	0
23	172	0.0022	1
23	188	0.0022	0
23	250	0.0033	1
23	266	0.0033	0
23	328	0.0044	1
23	344	0.0044	0
23	406	0.0055	1
23	422	0.0055	0
23	484	0.0066	1
23	500	0.0066	0
23	562	0.0077	1
23	578	0.0077	0
24	697	3.898860388484	3.0003
24	718	4.859904212075	3.0003
24	722	4.898860388484	3.077076868529
24	751	5.859904212075	3.213098860018
24	784	6.773628855839	3.0003
24	788	7.52606940626	3.0003
24	812	7.773628855839	3.44925151333
24	825	8.564228706924	3.0003
24	842	8.773628855839	3.472245086937
24	857	9.564228706924	3.424780803117
24	871	9.773628855839	3.987116923215
24	898	10.773628855839	4.633957784077
24	916	11.363272325843	3.0003
24	928	11.773628855839	5.575573114984
24	953	12.363272325843	3.681943859158
24	963	12.773628855839	3.260660835056
24	987	13.363272325843	4.19834175421
24	1001	14.082164138406	3.0003
24	1015	14.363272325843	4.548895405959
24	1037	15.082164138406	3.247625886687
24	1057	15.363272325843	3.876684205634
24	1069	16.082164138406	3.408193033787
24	1086	16.363272325843	4.222801638413
24	1110	17.363272325843	4.723929629397
24	1124	17.482640368894	3.0003
24	1141	18.363272325843	3.125675543548
24	1155	18.482640368894	3.926614644535
24	1178	19.363272325843	4.105249955149
24	1192	19.482640368894	4.515036648292
24	1206	20.363272325843	4.646001817894
24	1220	20.482640368894	5.423875622168
24	1241	21.363272325843	3.858514154455
24	1250	21.482640368894	5.37926311386
24	1272	22.363272325843	3.352729895818
24	1276	22.482640368894	3.229093185184
24	1295	23.363272325843	4.201499042153
24	1308	24.294739399622	3.0003
24	1312	24.363272325843	3.161184784211
24	1329	25.294739399622	3.358590827322
24	1354	26.541688129362	3.0003
24	1393	28.047609410774	3.0003
24	1407	28.155690204255	3.0003
24	1426	29.047609410774	3.381370540373
24	1443	29.155690204255	3.26533557881
24	1470	30.155690204255	3.1293966371
24	1474	30.183074844391	3.0003
24	1501	31.155690204255	4.003522227662
24	1510	31.20450671874	3.0003
24	1534	32.155690204255	3.728294525438
24	1541	32.20450671874	3.127978804958
24	1569	33.155690204255	4.573564844938
24	1600	34.155690204255	4.802730186471
24	1621	34.971248391769	3.0003
24	1640	35.155690204255	4.381365506377
24	1653	35.971248391769	3.358605297969
24	1680	36.155690204255	4.643538214621
24	1703	37.101197919552	3.0003
24	1717	37.155690204255	5.531592053988
24	1734	38.101197919552	3.756251509263
24	1748	38.155690204255	5.99602633376
24	1762	39.101197919552	3.915916803651
24	1776	39.155690204255	6.688745981607
24	1796	40.101197919552	4.753780314205
24	1810	40.155690204255	7.482542699577
24	1833	41.101197919552	4.80678363703
24	1847	41.155690204255	7.147252514953
24	1867	42.101197919552	4.847235659662
24	1881	42.155690204255	7.53817009177
24	1904	43.101197919552	3.518322285448
24	1918	43.155690204255	8.392892064478
24	1935	44.101197919552	3.373183330748
24	1949	44.155690204255	9.373923495277
24	1966	45.101197919552	3.423688747251
24	1980	45.155690204255	9.9821526846
24	1997	46.101197919552	3.227580947794
24	2011	46.155690204255	10.020771745534
24	2033	47.101197919552	4.123019722019
24	2050	47.155690204255	10.769329813459
24	2065	48.101197919552	5.060904431553
24	2079	48.155690204255	11.280772764151
24	2118	49.155690204255	9.402857742873
24	2132	49.540807172454	3.0003
24	2152	50.155690204255	9.805111666055
24	2166	50.540807172454	3.812873933982
24	2183	51.155690204255	10.359593171004
24	2197	51.540807172454	4.576667227899
24	2211	52.155690204255	10.785060764263
24	2225	52.540807172454	5.133263199278
24	2239	53.155690204255	9.458709702569
24	2253	53.540807172454	5.754301234995
24	2273	54.155690204255	9.359797235018
24	2293	54.540807172454	5.818239675224
24	2310	55.155690204255	9.30096310353
24	2330	55.540807172454	6.42512711792
24	2344	56.155690204255	9.190365657843
24	2358	56.540807172454	7.385943961507
24	2375	57.155690204255	10.052336969415
24	2392	57.540807172454	7.8086196507
24	2409	58.155690204255	9.663294279624
24	2426	58.540807172454	7.802748645533
24	2443	59.155690204255	10.211192219399
24	2460	59.540807172454	5.609802003479
24	2477	60.155690204255	10.366764425871
24	2491	60.540807172454	6.502166895323
24	2518	61.155690204255	6.912267579695
24	2530	61.540807172454	6.444340481971
24	2552	62.155690204255	7.677966060919
24	2565	62.540807172454	7.268426936545
24	2592	63.155690204255	7.669946815499
24	2606	63.632780586152	3.0003
24	2623	64.155690204255	7.611204100405
24	2640	64.632780586152	3.827172543854
24	2654	65.155690204255	7.739288246779
24	2671	65.632780586152	4.710217134062
24	2694	66.155690204255	8.447207713512
24	2708	66.632780586152	4.587048832529
24	2725	67.155690204255	8.912143036429
24	2742	67.632780586152	5.205492989155
24	2756	68.155690204255	9.284201455438
24	2779	68.632780586152	5.986612392648
24	2793	69.155690204255	9.640420453835
24	2807	69.632780586152	3.999422500796
24	2821	70.155690204255	10.360143445356
24	2835	70.632780586152	4.985757922365
24	2849	71.155690204255	10.383279371285
24	2863	71.632780586152	5.88361304084
24	2880	72.155690204255	10.970778141363
24	2893	72.632780586152	5.908511106684
24	2910	73.155690204255	10.902705944213
24	2919	73.632780586152	5.0886921874
24	2942	74.155690204255	11.753993674961
24	2969	75.155690204255	11.247358341688
24	2983	75.293419858336	3.0003
24	3000	76.155690204255	11.787344383948
24	3009	76.293419858336	3.367963403604
24	3032	77.155690204255	11.70107500307
24	3036	77.293419858336	3.655379810271
24	3063	78.155690204255	10.980743345353
24	3088	79.155690204255	10.860928979599
24	3118	80.155690204255	11.75989420429
24	3132	80.400267332569	3.0003
24	3152	81.155690204255	9.186305831946
24	3166	81.400267332569	3.667889759036
24	3186	82.155690204255	8.080984531154
24	3200	82.400267332569	4.539832993725
24	3217	83.155690204255	9.02365760473
24	3234	83.400267332569	5.094413531805
24	3251	84.155690204255	9.095179107829
24	3265	84.400267332569	5.743237442424
24	3285	85.155690204255	9.495232221188
24	3299	85.400267332569	6.08759115806
24	3322	86.155690204255	9.150986949036
24	3336	86.400267332569	6.961202521635
24	3353	87.155690204255	10.13079682089
24	3370	87.400267332569	6.794328995086
24	3390	88.155690204255	11.090820521832
24	3404	88.400267332569	7.411628046224
24	3418	89.155690204255	11.507942132965
24	3432	89.400267332569	6.287390849222
24	3455	90.155690204255	8.61637201012
24	3469	90.400267332569	7.22109344774
24	3489	91.155690204255	9.081487634363
24	3509	91.400267332569	7.976697999658
24	3523	92.155690204255	7.577575851278
24	3540	92.400267332569	7.797508472593
24	3560	93.155690204255	7.744732335212
24	3574	93.400267332569	7.961410940623
24	3591	94.155690204255	6.741491812705
24	3608	94.400267332569	8.652996100525
24	3622	95.155690204255	7.642841504287
24	3639	95.400267332569	8.941748163308
24	3665	96.155690204255	6.102536996328
24	3679	96.400267332569	9.200989212861
24	3702	97.155690204255	7.015766513988
24	3722	97.400267332569	7.715406855884
24	3745	98.155690204255	5.366510585312
24	3759	98.400267332569	7.85751121481
24	3779	99.155690204255	6.225179871751
24	3793	99.400267332569	8.532170799281
24	3813	100.155690204255	6.183399217572
24	3827	100.400267332569	9.148610585182
24	3850	101.155690204255	5.923465407463
24	3864	101.400267332569	10.139209834518
24	3884	102.155690204255	6.581811240437
24	3898	102.400267332569	10.038363924427
24	3912	103.155690204255	7.274293516675
24	3929	103.400267332569	9.191036273425
24	3943	104.155690204255	8.071943078108
24	3963	104.400267332569	8.349753801938
24	3980	105.155690204255	8.188814036149
24	3997	105.400267332569	8.842553678681
24	4014	106.155690204255	9.168501577353
24	4028	106.400267332569	9.03775627888
24	4048	107.155690204255	9.988249325368
24	4065	107.400267332569	9.576025382836
24	4079	108.155690204255	9.222508252955
24	4093	108.400267332569	10.571318842344
24	4107	109.155690204255	9.379425220807
24	4124	109.400267332569	11.412977336113
24	4138	110.155690204255	9.050667347057
24	4158	110.400267332569	11.280343194141
24	4178	111.155690204255	9.482763193577
24	4192	111.400267332569	11.965621533286
24	4206	112.155690204255	10.196742221069
24	4220	112.400267332569	11.749112879849
24	4237	113.155690204255	9.785717811775
24	4251	113.400267332569	12.408766141614
24	4271	114.155690204255	9.927324843946
24	4285	114.400267332569	10.133622963899
24	4305	115.155690204255	10.422981037358
24	4319	115.400267332569	10.237032093113
24	4336	116.155690204255	9.159247461497
24	4350	116.400267332569	10.387811281549
24	4373	117.155690204255	9.906827468606
24	4387	117.400267332569	10.36915255153
24	4407	118.155690204255	7.854545811722
24	4421	118.400267332569	9.147645653056
24	4441	119.155690204255	8.26192178427
24	4458	119.400267332569	9.008037689523
24	4472	120.155690204255	7.388461904413
24	4486	120.400267332569	9.411658295193
24	4500	121.155690204255	7.186223337166
24	4517	121.400267332569	6.568651711949
24	4531	122.155690204255	8.062696689804
24	4548	122.400267332569	5.887729507403
24	4565	123.155690204255	8.70967655653
24	4582	123.400267332569	5.762447490559
24	4599	124.155690204255	8.252857997966
24	4616	124.400267332569	6.475037014489
24	4636	125.155690204255	8.722135501349
24	4653	125.400267332569	6.604501188163
24	4667	126.155690204255	9.217116753594
24	4681	126.400267332569	7.228762345756
24	4701	127.155690204255	8.087617357526
24	4715	127.400267332569	4.864391892705
24	4736	128.155690204255	6.952786907543
24	4745	128.400267332569	4.572482623904
24	4776	129.155690204255	6.773403973898
24	4783	129.400267332569	4.876683163004
24	4810	130.155690204255	6.885542563461
24	4830	130.649352527223	3.0003
24	4850	131.155690204255	6.807707679325
24	4867	131.649352527223	3.067897119593
24	4884	132.155690204255	7.045839908029
24	4901	132.649352527223	4.048517338245
24	4924	133.155690204255	7.783782666354
24	4944	133.649352527223	4.413389622614
24	4958	134.155690204255	7.750985655709
24	4978	134.649352527223	4.15434610535
24	4995	135.155690204255	8.248674857448
24	5018	135.649352527223	4.814681372768
24	5032	136.155690204255	8.697278867314
24	5052	136.649352527223	5.331045686179
24	5066	137.155690204255	8.73282530182
24	5083	137.649352527223	4.948066479642
24	5100	138.155690204255	9.088720593497
24	5117	138.649352527223	5.802492501194
24	5134	139.155690204255	9.729793377627
24	5148	139.649352527223	6.693945402699
24	5168	140.155690204255	9.650473178971
24	5188	140.649352527223	7.339721270454
24	5208	141.155690204255	10.307873554273
24	5222	141.649352527223	8.242798515877
24	5236	142.155690204255	10.345498498502
24	5250	142.649352527223	8.398910043286
24	5264	143.155690204255	10.785537428428
24	5284	143.649352527223	8.961882029512
24	5298	144.155690204255	9.678089823478
24	5312	144.649352527223	9.159330043753
24	5329	145.155690204255	9.784360745172
24	5346	145.649352527223	10.125126625395
24	5363	146.155690204255	9.930281009529
24	5389	146.649352527223	10.066117240014
24	5406	147.155690204255	7.457745530247
24	5420	147.649352527223	10.010267631354
24	5434	148.155690204255	8.305451904993
24	5451	148.649352527223	10.623137539205
24	5471	149.155690204255	8.847279021035
24	5485	149.649352527223	11.058527038084
24	5499	150.155690204255	9.744958406182
24	5513	150.649352527223	11.808445543106
24	5533	151.155690204255	10.172496854754
24	5547	151.649352527223	10.539811550414
24	5561	152.155690204255	7.034687094244
24	5575	152.649352527223	9.314896893189
24	5589	153.155690204255	7.264610234698
24	5606	153.649352527223	10.013330979966
24	5620	154.155690204255	7.670536736374
24	5634	154.649352527223	9.372433402039
24	5648	155.155690204255	8.564924092745
24	5668	155.649352527223	9.155413906702
24	5688	156.155690204255	7.045641962662
24	5708	156.649352527223	10.050532071102
24	5728	157.155690204255	6.205909177585
24	5742	157.649352527223	10.616186415158
24	5756	158.155690204255	7.044039090873
24	5776	158.649352527223	10.363578890246
24	5790	159.155690204255	5.693861801122
24	5804	159.649352527223	10.730116272523
24	5818	160.155690204255	4.667952984019
24	5838	160.649352527223	4.964725752586
24	5864	161.155690204255	5.629670071134
24	5884	161.649352527223	5.254807825362
24	5898	162.155690204255	6.452344495989
24	5915	162.649352527223	6.072269223479
24	5932	163.155690204255	6.496378072067
24	5949	163.649352527223	6.940085513864
24	5963	164.155690204255	5.986554616458
24	5980	164.649352527223	6.056156627278
24	5994	165.155690204255	4.984568120932
24	6017	165.649352527223	5.409437525951
24	6034	166.155690204255	5.454565242795
24	6048	166.649352527223	5.567556564219
24	6062	167.155690204255	6.303774232601
24	6082	167.649352527223	6.533769778667
24	6096	168.155690204255	6.780904202513
24	6110	168.649352527223	7.462094394354
24	6124	169.155690204255	6.585465636231
24	6150	169.649352527223	4.412247555549
24	6167	170.155690204255	7.118193069821
24	6181	170.649352527223	5.360335003366
24	6198	171.155690204255	7.513893997973
24	6212	171.649352527223	4.34756226716
24	6226	172.155690204255	7.969036869828
24	6243	172.649352527223	5.330794501168
24	6263	173.155690204255	7.688702666016
24	6280	173.649352527223	4.394217263677
24	6297	174.155690204255	8.233790821224
24	6323	174.649352527223	5.131887954511
24	6349	175.155690204255	5.52383022932
24	6366	175.649352527223	6.120104722593
24	6383	176.155690204255	6.077577408801
24	6400	176.649352527223	5.672310640605
24	6417	177.155690204255	4.192965656699
24	6431	177.649352527223	5.363012276582
24	6448	178.155690204255	5.00467068148
24	6462	178.649352527223	4.976720924561
24	6476	179.155690204255	5.590058138821
24	6490	179.649352527223	5.304260407727
24	6507	180.155690204255	5.853927038834
24	6527	180.649352527223	5.890281485054
24	6541	181.155690204255	6.798056985945
24	6561	181.649352527223	6.871586014633
24	6581	182.155690204255	7.574917777844
24	6598	182.649352527223	7.68406706343
24	6618	183.155690204255	8.377088270385
24	6635	183.649352527223	8.061469719452
24	6652	184.155690204255	7.798675548279
24	6669	184.649352527223	8.807964014309
24	6686	185.155690204255	8.375018446922
24	6700	185.649352527223	7.731932953866
24	6714	186.155690204255	6.490474158515
24	6728	186.649352527223	6.099714091317
24	6742	187.155690204255	6.553335440792
24	6759	187.649352527223	5.880917287974
24	6776	188.155690204255	6.645371413467
24	6790	188.649352527223	6.700959946422
24	6810	189.155690204255	7.613014608822
24	6824	189.649352527223	7.007760176884
24	6844	190.155690204255	7.082183382555
24	6858	190.649352527223	7.036278018789
24	6875	191.155690204255	8.03050047676
24	6889	191.649352527223	6.835307112247
24	6906	192.155690204255	8.169576840079
24	6923	192.649352527223	5.113958856334
24	6937	193.155690204255	8.897908769737
24	6957	193.649352527223	5.802991051364
24	6971	194.155690204255	5.018775881743
24	6988	194.649352527223	5.851161343822
24	7008	195.155690204255	5.251696227171
24	7031	195.649352527223	5.714564848565
24	7051	196.155690204255	4.254524259681
24	7065	196.649352527223	5.823186271655
24	7082	197.155690204255	3.944738888319
24	7096	197.649352527223	5.433509207879
24	7113	198.155690204255	4.570852392416
24	7126	198.649352527223	3.095574874025
24	7143	199.155690204255	4.762872339017
24	7158	199.649352527223	3.889542825542

